NSGAIIITA:
    Hypervolume: 0.8395911954894885
    GenerationalDistance: 0.0
    InvertedGenerationalDistance: 0.0
    AdditiveEpsilonIndicator: 0.0
    MaximumParetoFrontError: 0.0
    Spacing: 497.6811745868685
    Contribution: 1.0
    R1Indicator: 0.0
    R2Indicator: 216074.0566130449
    R3Indicator: 234493.969949477
RS:
    Hypervolume: 0.0
    GenerationalDistance: 6.455433601704996
    InvertedGenerationalDistance: 13.903541706321601
    AdditiveEpsilonIndicator: 10.74102077861202
    MaximumParetoFrontError: 16.051914003217124
    Spacing: 28145.781211697595
    Contribution: 0.0
    R1Indicator: 0.0
    R2Indicator: 551095.9793473727
    R3Indicator: 598075.7292242176
KRRGZ:
    Hypervolume: 0.020601506323418124
    GenerationalDistance: 0.17014445455563185
    InvertedGenerationalDistance: 0.8011454170490764
    AdditiveEpsilonIndicator: 0.7240176531447335
    MaximumParetoFrontError: 0.8868697822538214
    Spacing: 3282.334552659427
    Contribution: 0.0
    R1Indicator: 0.0
    R2Indicator: 238164.0193007079
    R3Indicator: 258467.0525339138
