RS:
    Hypervolume: 0.0
    GenerationalDistance: 0.517796885415931
    InvertedGenerationalDistance: 0.9051142065307438
    AdditiveEpsilonIndicator: 1.1779250511766506
    MaximumParetoFrontError: 1.939729896953604
    Spacing: 9902.4804917477
    Contribution: 0.0
    R1Indicator: 0.0
    R2Indicator: 52367.84377555402
    R3Indicator: 57742.26543396744
NSGAIIITAGLS:
    Hypervolume: 0.7672405325450516
    GenerationalDistance: 0.0016689591339078549
    InvertedGenerationalDistance: 0.024478065115123664
    AdditiveEpsilonIndicator: 0.113058594211493
    MaximumParetoFrontError: 0.3217874128396613
    Spacing: 117.48711303630711
    Contribution: 0.0
    R1Indicator: 0.0
    R2Indicator: 43658.18504665375
    R3Indicator: 48138.739307448355
KRRGZ:
    Hypervolume: 0.8287245968518918
    GenerationalDistance: 0.0
    InvertedGenerationalDistance: 0.0
    AdditiveEpsilonIndicator: 0.0
    MaximumParetoFrontError: 0.0
    Spacing: 46.256817136187166
    Contribution: 1.0
    R1Indicator: 0.0
    R2Indicator: 42733.546258910595
    R3Indicator: 47119.197732698056
