NSGAIIITA:
    Hypervolume: 0.8548043119036302
    GenerationalDistance: 0.0
    InvertedGenerationalDistance: 0.0
    AdditiveEpsilonIndicator: 0.0
    MaximumParetoFrontError: 0.0
    Spacing: 636.7779640609115
    Contribution: 1.0
    R1Indicator: 0.0
    R2Indicator: 209369.18404664338
    R3Indicator: 227389.89658799773
RS:
    Hypervolume: 0.0
    GenerationalDistance: 4.050562158142232
    InvertedGenerationalDistance: 10.062791750220454
    AdditiveEpsilonIndicator: 9.151706997492147
    MaximumParetoFrontError: 10.453018741787012
    Spacing: 13710.331959244835
    Contribution: 0.0
    R1Indicator: 0.0
    R2Indicator: 460110.77586551267
    R3Indicator: 499713.0452007974
KRRGZ:
    Hypervolume: 0.02357506227174418
    GenerationalDistance: 0.2089343973012192
    InvertedGenerationalDistance: 0.7906052277460164
    AdditiveEpsilonIndicator: 0.775386836872536
    MaximumParetoFrontError: 1.349263028057671
    Spacing: 9210.540581274878
    Contribution: 0.0
    R1Indicator: 0.0
    R2Indicator: 230515.28052224606
    R3Indicator: 250356.0564742668
