NSGAIIITA:
    Hypervolume: 0.8743638882926631
    GenerationalDistance: 0.0
    InvertedGenerationalDistance: 0.006319883221686385
    AdditiveEpsilonIndicator: 0.009075010305021116
    MaximumParetoFrontError: 0.0
    Spacing: 150.16656524484145
    Contribution: 0.9840425531914894
    R1Indicator: 0.0
    R2Indicator: 184098.38418361498
    R3Indicator: 199413.77668128122
RS:
    Hypervolume: 0.0
    GenerationalDistance: 0.7661120495833773
    InvertedGenerationalDistance: 2.702090047104051
    AdditiveEpsilonIndicator: 2.568777731703391
    MaximumParetoFrontError: 3.0053911242653877
    Spacing: 13242.03663383652
    Contribution: 0.0
    R1Indicator: 0.0
    R2Indicator: 299528.1153881339
    R3Indicator: 324446.18664776534
KRRGZ:
    Hypervolume: 0.6861907931618917
    GenerationalDistance: 0.040875375999423355
    InvertedGenerationalDistance: 0.1425750207751668
    AdditiveEpsilonIndicator: 0.14239446659093372
    MaximumParetoFrontError: 1.3860556427541548
    Spacing: 915.5642531023791
    Contribution: 0.015957446808510637
    R1Indicator: 0.0
    R2Indicator: 187446.56289314554
    R3Indicator: 203040.49055598569
