RS:
    Hypervolume: 0.0
    GenerationalDistance: 1.5196812515582745
    InvertedGenerationalDistance: 2.654630804398389
    AdditiveEpsilonIndicator: 2.8337606793300614
    MaximumParetoFrontError: 2.2934129064865294
    Spacing: 0.0
    Contribution: 0.0
    R1Indicator: 0.0
    R2Indicator: 206352.79566729916
    R3Indicator: 225046.3400235666
NSGAIIITAGLS:
    Hypervolume: 0.8570588564010152
    GenerationalDistance: 0.0
    InvertedGenerationalDistance: 0.005522701102429244
    AdditiveEpsilonIndicator: 0.012955670846419335
    MaximumParetoFrontError: 0.0
    Spacing: 147.45456721749815
    Contribution: 0.9863945578231292
    R1Indicator: 0.0
    R2Indicator: 129877.30693538852
    R3Indicator: 141642.92841031784
KRRGZ:
    Hypervolume: 0.6833217063698025
    GenerationalDistance: 0.02828413604247534
    InvertedGenerationalDistance: 0.1382064714450399
    AdditiveEpsilonIndicator: 0.13659613133223109
    MaximumParetoFrontError: 1.0017647528739317
    Spacing: 445.16114897536596
    Contribution: 0.013605442176870748
    R1Indicator: 0.0
    R2Indicator: 130987.51153265797
    R3Indicator: 142853.70497934896
