NSGAIIITA:
    Hypervolume: 0.7621985971112495
    GenerationalDistance: 0.0
    InvertedGenerationalDistance: 0.0
    AdditiveEpsilonIndicator: 0.0
    MaximumParetoFrontError: 0.0
    Spacing: 535.9748068670943
    Contribution: 1.0
    R1Indicator: 0.0
    R2Indicator: 213061.41705221083
    R3Indicator: 238781.01062505806
RS:
    Hypervolume: 0.0
    GenerationalDistance: 12.403182922673961
    InvertedGenerationalDistance: 12.922161659909968
    AdditiveEpsilonIndicator: 12.630491088702005
    MaximumParetoFrontError: 12.403182922673961
    Spacing: 0.0
    Contribution: 0.0
    R1Indicator: 0.0
    R2Indicator: 579342.2867498725
    R3Indicator: 649277.0735686604
KRRGZ:
    Hypervolume: 0.011971339114660334
    GenerationalDistance: 0.19761019409603847
    InvertedGenerationalDistance: 0.770145572704246
    AdditiveEpsilonIndicator: 0.8795299484614479
    MaximumParetoFrontError: 1.0613562142429125
    Spacing: 3360.4267570391594
    Contribution: 0.0
    R1Indicator: 0.0
    R2Indicator: 238567.54011674813
    R3Indicator: 267366.0786303509
