NSGAIIITA:
    Hypervolume: 0.8034024790536514
    GenerationalDistance: 0.0
    InvertedGenerationalDistance: 0.0
    AdditiveEpsilonIndicator: 0.0
    MaximumParetoFrontError: 0.0
    Spacing: 431.36623770052665
    Contribution: 1.0
    R1Indicator: 0.0
    R2Indicator: 127888.32276253405
    R3Indicator: 141622.89093123737
RS:
    Hypervolume: 0.0
    GenerationalDistance: 1.6736093811623498
    InvertedGenerationalDistance: 3.719613859162974
    AdditiveEpsilonIndicator: 3.9927932082631314
    MaximumParetoFrontError: 4.541632182511285
    Spacing: 8936.240731327087
    Contribution: 0.0
    R1Indicator: 0.0
    R2Indicator: 212807.18325716993
    R3Indicator: 235661.577347355
KRRGZ:
    Hypervolume: 0.5377028335361661
    GenerationalDistance: 0.025109530235373614
    InvertedGenerationalDistance: 0.18159207813639533
    AdditiveEpsilonIndicator: 0.19938158525744548
    MaximumParetoFrontError: 0.7243841918123299
    Spacing: 235.56433502937702
    Contribution: 0.0
    R1Indicator: 0.0
    R2Indicator: 130701.18006102653
    R3Indicator: 144737.83075355488
