NSGAIIITA:
    Hypervolume: 0.5997353930475801
    GenerationalDistance: 2.888164564944827E-4
    InvertedGenerationalDistance: 0.001276350454735297
    AdditiveEpsilonIndicator: 0.021335603152788193
    MaximumParetoFrontError: 0.02427666561154518
    Spacing: 4.624150298388279
    Contribution: 0.7577319587628866
    R1Indicator: 0.0
    R2Indicator: 5700.359968343407
    R3Indicator: 6726.038019428781
RS:
    Hypervolume: 0.0
    GenerationalDistance: 4.132775980990894
    InvertedGenerationalDistance: 7.756628925645317
    AdditiveEpsilonIndicator: 8.188849829614304
    MaximumParetoFrontError: 8.726408779750965
    Spacing: 513.0845379589513
    Contribution: 0.0
    R1Indicator: 0.0
    R2Indicator: 9136.155773624407
    R3Indicator: 10780.049634807345
KRRGZ:
    Hypervolume: 0.5958834597403142
    GenerationalDistance: 5.217769045064197E-4
    InvertedGenerationalDistance: 0.00380178117285885
    AdditiveEpsilonIndicator: 0.02103152941042201
    MaximumParetoFrontError: 0.036492510510961466
    Spacing: 3.3002906538439776
    Contribution: 0.41237113402061853
    R1Indicator: 0.0
    R2Indicator: 5700.364449150773
    R3Indicator: 6726.043315833838
