NSGAIIITA:
    Hypervolume: 0.7557177110667826
    GenerationalDistance: 6.119288917314022E-5
    InvertedGenerationalDistance: 5.184604429964464E-4
    AdditiveEpsilonIndicator: 0.00851268977492755
    MaximumParetoFrontError: 0.013721037319217925
    Spacing: 88.37975302370313
    Contribution: 0.9564220183486238
    R1Indicator: 0.0
    R2Indicator: 76974.76434618897
    R3Indicator: 86798.45249665949
RS:
    Hypervolume: 0.0
    GenerationalDistance: 0.21600581435143157
    InvertedGenerationalDistance: 1.0287586661269565
    AdditiveEpsilonIndicator: 1.2760635129519289
    MaximumParetoFrontError: 0.8228003201289034
    Spacing: 1146.1095798211825
    Contribution: 0.0
    R1Indicator: 0.0
    R2Indicator: 97895.24688793028
    R3Indicator: 110388.88061725465
KRRGZ:
    Hypervolume: 0.724916139689268
    GenerationalDistance: 0.0014296622346075135
    InvertedGenerationalDistance: 0.023701488092072856
    AdditiveEpsilonIndicator: 0.05208197738979897
    MaximumParetoFrontError: 0.044822878768106526
    Spacing: 89.17909453571248
    Contribution: 0.04357798165137615
    R1Indicator: 0.0
    R2Indicator: 77828.60498496215
    R3Indicator: 87761.2657208639
