NSGAIIITA:
    Hypervolume: 0.8552352365294951
    GenerationalDistance: 0.0
    InvertedGenerationalDistance: 0.0
    AdditiveEpsilonIndicator: 0.0
    MaximumParetoFrontError: 0.0
    Spacing: 1391.7196298056947
    Contribution: 1.0
    R1Indicator: 0.0
    R2Indicator: 284855.9492862786
    R3Indicator: 308852.7697241254
RS:
    Hypervolume: 0.0
    GenerationalDistance: 12.30735992672234
    InvertedGenerationalDistance: 20.017674245799913
    AdditiveEpsilonIndicator: 19.096871445840364
    MaximumParetoFrontError: 22.67975258653525
    Spacing: 41010.70795599055
    Contribution: 0.0
    R1Indicator: 0.0
    R2Indicator: 853206.2006917443
    R3Indicator: 925081.5640901644
KRRGZ:
    Hypervolume: 0.0
    GenerationalDistance: 0.4767549803349784
    InvertedGenerationalDistance: 1.792525236022875
    AdditiveEpsilonIndicator: 1.8713448621458897
    MaximumParetoFrontError: 3.151643381486427
    Spacing: 11223.64775233392
    Contribution: 0.0
    R1Indicator: 0.0
    R2Indicator: 340549.65998091246
    R3Indicator: 369238.20507247996
