NSGAIIITA:
    Hypervolume: 0.759229315533034
    GenerationalDistance: 0.0
    InvertedGenerationalDistance: 0.0
    AdditiveEpsilonIndicator: 0.0
    MaximumParetoFrontError: 0.0
    Spacing: 206.99514225296025
    Contribution: 1.0
    R1Indicator: 0.0
    R2Indicator: 215313.31719115726
    R3Indicator: 240853.35500151737
RS:
    Hypervolume: 0.0
    GenerationalDistance: 7.106951372558472
    InvertedGenerationalDistance: 18.426987618087555
    AdditiveEpsilonIndicator: 16.516764012437037
    MaximumParetoFrontError: 19.230244050700115
    Spacing: 5070.656721972455
    Contribution: 0.0
    R1Indicator: 0.0
    R2Indicator: 587091.5301926961
    R3Indicator: 656730.98635136
KRRGZ:
    Hypervolume: 0.0
    GenerationalDistance: 0.23846021480914448
    InvertedGenerationalDistance: 0.944588965052642
    AdditiveEpsilonIndicator: 0.9388258641565155
    MaximumParetoFrontError: 1.9097574754793492
    Spacing: 3281.041315909861
    Contribution: 0.0
    R1Indicator: 0.0
    R2Indicator: 233268.28570140764
    R3Indicator: 260938.08880582804
