NSGAIIITA:
    Hypervolume: 0.9194976848342528
    GenerationalDistance: 0.0
    InvertedGenerationalDistance: 0.003714615537280632
    AdditiveEpsilonIndicator: 1.7120503029774077E-5
    MaximumParetoFrontError: 0.0
    Spacing: 132.6441620127564
    Contribution: 0.99375
    R1Indicator: 0.0
    R2Indicator: 185212.71133579302
    R3Indicator: 197429.49736269467
RS:
    Hypervolume: 0.0
    GenerationalDistance: 1.011023127519004
    InvertedGenerationalDistance: 2.1722286941155406
    AdditiveEpsilonIndicator: 2.105452778959793
    MaximumParetoFrontError: 3.7784049108082973
    Spacing: 102499.11447785412
    Contribution: 0.0
    R1Indicator: 0.0
    R2Indicator: 311743.1924031174
    R3Indicator: 332305.9799227016
KRRGZ:
    Hypervolume: 0.7923702972647353
    GenerationalDistance: 0.01741848927564646
    InvertedGenerationalDistance: 0.10687180918425672
    AdditiveEpsilonIndicator: 0.11401522202620037
    MaximumParetoFrontError: 0.2933361238467063
    Spacing: 3546.5976310018045
    Contribution: 0.00625
    R1Indicator: 0.0
    R2Indicator: 190034.63040592094
    R3Indicator: 202569.47453592674
