NSGAIIITA:
    Hypervolume: 0.7494762906181976
    GenerationalDistance: 1.864481971085373E-5
    InvertedGenerationalDistance: 0.0036766267136831552
    AdditiveEpsilonIndicator: 0.01819659298530596
    MaximumParetoFrontError: 0.004552211100681253
    Spacing: 46.81487690823582
    Contribution: 0.9402298850574713
    R1Indicator: 0.0
    R2Indicator: 77116.45757974968
    R3Indicator: 87047.48895475529
RS:
    Hypervolume: 0.0
    GenerationalDistance: 0.27903273714476173
    InvertedGenerationalDistance: 1.1282882933657405
    AdditiveEpsilonIndicator: 1.374215170274723
    MaximumParetoFrontError: 1.0407562058222697
    Spacing: 2126.242524312948
    Contribution: 0.0
    R1Indicator: 0.0
    R2Indicator: 98807.26496919175
    R3Indicator: 111531.66267112372
KRRGZ:
    Hypervolume: 0.7200441852691473
    GenerationalDistance: 0.0015027264901191668
    InvertedGenerationalDistance: 0.02421808919812586
    AdditiveEpsilonIndicator: 0.03186127742642076
    MaximumParetoFrontError: 0.04153807425505074
    Spacing: 107.09529251161261
    Contribution: 0.059770114942528735
    R1Indicator: 0.0
    R2Indicator: 77353.45263324627
    R3Indicator: 87315.00665953405
