NSGAIIITA:
    Hypervolume: 0.7333818622372217
    GenerationalDistance: 0.0
    InvertedGenerationalDistance: 0.0
    AdditiveEpsilonIndicator: 0.0
    MaximumParetoFrontError: 0.0
    Spacing: 192.71472104334987
    Contribution: 1.0
    R1Indicator: 0.0
    R2Indicator: 208930.17202731277
    R3Indicator: 235358.47916808684
RS:
    Hypervolume: 0.0
    GenerationalDistance: 8.41397725199485
    InvertedGenerationalDistance: 17.72867211531711
    AdditiveEpsilonIndicator: 17.231483045636125
    MaximumParetoFrontError: 20.15494796556524
    Spacing: 6572.851982137429
    Contribution: 0.0
    R1Indicator: 0.0
    R2Indicator: 470451.16473025916
    R3Indicator: 529959.9387156673
KRRGZ:
    Hypervolume: 0.0
    GenerationalDistance: 0.31195515006311514
    InvertedGenerationalDistance: 1.1938793000644916
    AdditiveEpsilonIndicator: 1.2770736822075337
    MaximumParetoFrontError: 1.6046786590309328
    Spacing: 2023.902390124886
    Contribution: 0.0
    R1Indicator: 0.0
    R2Indicator: 228312.17491032684
    R3Indicator: 257192.16849149577
