NSGAIIITA:
    Hypervolume: 0.8601834545007175
    GenerationalDistance: 0.0
    InvertedGenerationalDistance: 0.0
    AdditiveEpsilonIndicator: 0.0
    MaximumParetoFrontError: 0.0
    Spacing: 3201.410751648308
    Contribution: 1.0
    R1Indicator: 0.0
    R2Indicator: 285411.3903396477
    R3Indicator: 311120.771665563
RS:
    Hypervolume: 0.0
    GenerationalDistance: 11.19529742592749
    InvertedGenerationalDistance: 26.561927447592513
    AdditiveEpsilonIndicator: 23.910564837264673
    MaximumParetoFrontError: 34.410573422402244
    Spacing: 71725.91017333497
    Contribution: 0.0
    R1Indicator: 0.0
    R2Indicator: 851766.7891413579
    R3Indicator: 928492.1533470601
KRRGZ:
    Hypervolume: 0.0
    GenerationalDistance: 0.68295955485332
    InvertedGenerationalDistance: 2.4713924591775895
    AdditiveEpsilonIndicator: 2.1684091056055643
    MaximumParetoFrontError: 4.452030714739202
    Spacing: 6407.463220943933
    Contribution: 0.0
    R1Indicator: 0.0
    R2Indicator: 329033.83405020216
    R3Indicator: 358672.60959843517
