NSGAIIITA:
    Hypervolume: 0.8040498216669072
    GenerationalDistance: 0.0
    InvertedGenerationalDistance: 0.0
    AdditiveEpsilonIndicator: 0.0
    MaximumParetoFrontError: 0.0
    Spacing: 152.69074558189644
    Contribution: 1.0
    R1Indicator: 0.0
    R2Indicator: 125656.85173926744
    R3Indicator: 138884.90332329817
RS:
    Hypervolume: 0.0
    GenerationalDistance: 1.7142705793980635
    InvertedGenerationalDistance: 3.5263455841439026
    AdditiveEpsilonIndicator: 3.881795470254076
    MaximumParetoFrontError: 5.194229076996191
    Spacing: 24757.392179551924
    Contribution: 0.0
    R1Indicator: 0.0
    R2Indicator: 209243.1348591362
    R3Indicator: 231270.38208277753
KRRGZ:
    Hypervolume: 0.5662724410966147
    GenerationalDistance: 0.01730517520000834
    InvertedGenerationalDistance: 0.14503393489323485
    AdditiveEpsilonIndicator: 0.2631099765493201
    MaximumParetoFrontError: 0.3083168339466967
    Spacing: 597.4564591559007
    Contribution: 0.0
    R1Indicator: 0.0
    R2Indicator: 131322.30372788745
    R3Indicator: 145146.76896929272
