NSGAIIITA:
    Hypervolume: 0.5873759094589073
    GenerationalDistance: 1.903733236945772E-4
    InvertedGenerationalDistance: 0.0011513123131738755
    AdditiveEpsilonIndicator: 0.007173857728746236
    MaximumParetoFrontError: 0.019594918165516395
    Spacing: 2.2112992471851043
    Contribution: 0.8238993710691824
    R1Indicator: 0.0
    R2Indicator: 5700.357057283153
    R3Indicator: 6746.378490387372
RS:
    Hypervolume: 0.0
    GenerationalDistance: 3.571158159670201
    InvertedGenerationalDistance: 7.52670165737302
    AdditiveEpsilonIndicator: 7.9296109601310745
    MaximumParetoFrontError: 11.811601958787744
    Spacing: 311.04129509613756
    Contribution: 0.0
    R1Indicator: 0.0
    R2Indicator: 8918.426035191453
    R3Indicator: 10554.968632596412
KRRGZ:
    Hypervolume: 0.5829315799390845
    GenerationalDistance: 4.623652832626645E-4
    InvertedGenerationalDistance: 0.003324266016674538
    AdditiveEpsilonIndicator: 0.01926506884610639
    MaximumParetoFrontError: 0.02020459843102212
    Spacing: 3.52892929479483
    Contribution: 0.5157232704402516
    R1Indicator: 0.0
    R2Indicator: 5700.357096743843
    R3Indicator: 6746.378529927141
