NSGAIIITA:
    Hypervolume: 0.6080079916653159
    GenerationalDistance: 0.0017551919146817742
    InvertedGenerationalDistance: 0.0019493825238406065
    AdditiveEpsilonIndicator: 0.007542559595979579
    MaximumParetoFrontError: 0.18976437353095998
    Spacing: 2.8850552614137444
    Contribution: 0.7065217391304348
    R1Indicator: 0.0
    R2Indicator: 5700.361537597879
    R3Indicator: 6711.940674819052
RS:
    Hypervolume: 0.0
    GenerationalDistance: 8.706971192283294
    InvertedGenerationalDistance: 7.117246928079095
    AdditiveEpsilonIndicator: 7.5681581765558885
    MaximumParetoFrontError: 16.12509707117002
    Spacing: 0.0
    Contribution: 0.0
    R1Indicator: 0.0
    R2Indicator: 9020.95995904128
    R3Indicator: 10621.812283059522
KRRGZ:
    Hypervolume: 0.6066486520519174
    GenerationalDistance: 4.058229232450188E-4
    InvertedGenerationalDistance: 0.002588950536157976
    AdditiveEpsilonIndicator: 0.016013191746109795
    MaximumParetoFrontError: 0.022302550717046572
    Spacing: 3.264017899212129
    Contribution: 0.5163043478260869
    R1Indicator: 0.0
    R2Indicator: 5700.3615168677725
    R3Indicator: 6711.940654018689
