RS:
    Hypervolume: 0.0
    GenerationalDistance: 0.2661069157526414
    InvertedGenerationalDistance: 1.0986204094561318
    AdditiveEpsilonIndicator: 1.4161667678147485
    MaximumParetoFrontError: 1.223331516002426
    Spacing: 1656.427171810385
    Contribution: 0.0
    R1Indicator: 0.0
    R2Indicator: 98191.51632936101
    R3Indicator: 111367.57612805103
NSGAIIITAGLS:
    Hypervolume: 0.5546749237344257
    GenerationalDistance: 0.0037502914138010193
    InvertedGenerationalDistance: 0.20434251654784152
    AdditiveEpsilonIndicator: 0.38556619336359804
    MaximumParetoFrontError: 0.1782866957922474
    Spacing: 132.8538466236241
    Contribution: 0.0380952380952381
    R1Indicator: 0.0
    R2Indicator: 83187.98483740639
    R3Indicator: 94350.76374069302
KRRGZ:
    Hypervolume: 0.7334549366498175
    GenerationalDistance: 8.222810411693617E-5
    InvertedGenerationalDistance: 3.262647077463664E-4
    AdditiveEpsilonIndicator: 0.00997992787101766
    MaximumParetoFrontError: 0.015074389024447037
    Spacing: 67.60522348062213
    Contribution: 0.9619047619047619
    R1Indicator: 0.0
    R2Indicator: 77575.06970009138
    R3Indicator: 87984.64458504789
