NSGAIIITA:
    Hypervolume: 0.7301559839820003
    GenerationalDistance: 5.428931967252261E-4
    InvertedGenerationalDistance: 0.0033463402396638926
    AdditiveEpsilonIndicator: 0.023139475080030683
    MaximumParetoFrontError: 0.13677140398479515
    Spacing: 57.962098083415896
    Contribution: 0.7432712215320911
    R1Indicator: 0.0
    R2Indicator: 42899.06421361964
    R3Indicator: 48824.92392981695
RS:
    Hypervolume: 0.0
    GenerationalDistance: 0.3241451351027213
    InvertedGenerationalDistance: 1.0957227817018087
    AdditiveEpsilonIndicator: 1.3943809459587413
    MaximumParetoFrontError: 1.2561005658230509
    Spacing: 1722.0067413920387
    Contribution: 0.0
    R1Indicator: 0.0
    R2Indicator: 53219.23978902563
    R3Indicator: 60570.70495691452
KRRGZ:
    Hypervolume: 0.7271802961539108
    GenerationalDistance: 1.620527733749962E-4
    InvertedGenerationalDistance: 0.002136559213284562
    AdditiveEpsilonIndicator: 0.011439515077321105
    MaximumParetoFrontError: 0.01826151733557623
    Spacing: 32.70570453426627
    Contribution: 0.2567287784679089
    R1Indicator: 0.0
    R2Indicator: 42724.93576118987
    R3Indicator: 48626.73877582098
