NSGAIIITA:
    Hypervolume: 0.823025764360151
    GenerationalDistance: 0.0
    InvertedGenerationalDistance: 0.0
    AdditiveEpsilonIndicator: 0.0
    MaximumParetoFrontError: 0.0
    Spacing: 430.8609010155274
    Contribution: 1.0
    R1Indicator: 0.0
    R2Indicator: 185051.21143920385
    R3Indicator: 203810.42488863086
RS:
    Hypervolume: 0.0
    GenerationalDistance: 1.5962786978753387
    InvertedGenerationalDistance: 2.8451391636830032
    AdditiveEpsilonIndicator: 3.0684215727273214
    MaximumParetoFrontError: 2.968728315226969
    Spacing: 25693.76814764184
    Contribution: 0.0
    R1Indicator: 0.0
    R2Indicator: 284310.9438720325
    R3Indicator: 313132.32713569736
KRRGZ:
    Hypervolume: 0.6139591847474618
    GenerationalDistance: 0.016575994244884148
    InvertedGenerationalDistance: 0.13777491734090042
    AdditiveEpsilonIndicator: 0.15257543942355833
    MaximumParetoFrontError: 0.32080728881085474
    Spacing: 556.8684671667977
    Contribution: 0.0
    R1Indicator: 0.0
    R2Indicator: 189693.4963817861
    R3Indicator: 208923.31071095585
