NSGAIIITA:
    Hypervolume: 0.6801559053849245
    GenerationalDistance: 0.0
    InvertedGenerationalDistance: 0.0
    AdditiveEpsilonIndicator: 0.0
    MaximumParetoFrontError: 0.0
    Spacing: 494.36332995636616
    Contribution: 1.0
    R1Indicator: 0.0
    R2Indicator: 284040.64821045974
    R3Indicator: 325190.25469891005
RS:
    Hypervolume: 0.0
    GenerationalDistance: 13.716478521591393
    InvertedGenerationalDistance: 30.979758445371765
    AdditiveEpsilonIndicator: 28.26561025232522
    MaximumParetoFrontError: 39.24490054812731
    Spacing: 71889.79507781977
    Contribution: 0.0
    R1Indicator: 0.0
    R2Indicator: 887029.5628909011
    R3Indicator: 1015535.0056602885
KRRGZ:
    Hypervolume: 0.0
    GenerationalDistance: 0.8744812499494048
    InvertedGenerationalDistance: 2.6663929754467763
    AdditiveEpsilonIndicator: 2.6682519652282313
    MaximumParetoFrontError: 5.4366788778370685
    Spacing: 19025.299318528363
    Contribution: 0.0
    R1Indicator: 0.0
    R2Indicator: 334915.7013836252
    R3Indicator: 383435.664921319
