NSGAIIITA:
    Hypervolume: 0.741092666387322
    GenerationalDistance: 3.6820647108283105E-4
    InvertedGenerationalDistance: 7.889144041612479E-4
    AdditiveEpsilonIndicator: 0.015337747439325967
    MaximumParetoFrontError: 0.1485083728981849
    Spacing: 251.29547663584393
    Contribution: 0.9351851851851852
    R1Indicator: 0.0
    R2Indicator: 77183.00547210216
    R3Indicator: 87250.9641519745
RS:
    Hypervolume: 0.0
    GenerationalDistance: 0.2631020116548223
    InvertedGenerationalDistance: 0.9861947168780248
    AdditiveEpsilonIndicator: 1.2602422702533682
    MaximumParetoFrontError: 0.760223388161009
    Spacing: 301.2526738366126
    Contribution: 0.0
    R1Indicator: 0.0
    R2Indicator: 96463.72948748372
    R3Indicator: 109046.74308806297
KRRGZ:
    Hypervolume: 0.7119900712765483
    GenerationalDistance: 0.0015511809497725645
    InvertedGenerationalDistance: 0.02299780153097602
    AdditiveEpsilonIndicator: 0.043035674617084095
    MaximumParetoFrontError: 0.044297949711834525
    Spacing: 71.11548087267455
    Contribution: 0.06481481481481481
    R1Indicator: 0.0
    R2Indicator: 77841.3938655269
    R3Indicator: 87995.23845826447
