NSGAIIITA:
    Hypervolume: 0.7741782269867283
    GenerationalDistance: 3.478172597521658E-4
    InvertedGenerationalDistance: 0.0035185373437680227
    AdditiveEpsilonIndicator: 0.03241106668953553
    MaximumParetoFrontError: 0.10384826631612243
    Spacing: 73.43186323578642
    Contribution: 0.9210526315789473
    R1Indicator: 0.0
    R2Indicator: 78139.72151741805
    R3Indicator: 87487.8404915313
RS:
    Hypervolume: 0.0
    GenerationalDistance: 0.33176729141438555
    InvertedGenerationalDistance: 1.1184392599945499
    AdditiveEpsilonIndicator: 1.3831069300585856
    MaximumParetoFrontError: 1.5883723069191293
    Spacing: 3083.5141337442055
    Contribution: 0.0
    R1Indicator: 0.0
    R2Indicator: 98832.0993888119
    R3Indicator: 110655.73246479807
KRRGZ:
    Hypervolume: 0.7481435698197121
    GenerationalDistance: 0.0014982882606048974
    InvertedGenerationalDistance: 0.02243491256595692
    AdditiveEpsilonIndicator: 0.026815196899182547
    MaximumParetoFrontError: 0.037634945662311056
    Spacing: 84.9262670007056
    Contribution: 0.07894736842105263
    R1Indicator: 0.0
    R2Indicator: 77643.23476973112
    R3Indicator: 86931.95190524176
