RS:
    Hypervolume: 0.0
    GenerationalDistance: 0.2642488998326492
    InvertedGenerationalDistance: 1.2010824684549348
    AdditiveEpsilonIndicator: 1.5662366258276508
    MaximumParetoFrontError: 1.128459550334688
    Spacing: 715.3336965084654
    Contribution: 0.0
    R1Indicator: 0.0
    R2Indicator: 99368.8175384578
    R3Indicator: 112254.36172669244
NSGAIIITAGLS:
    Hypervolume: 0.6184658605199245
    GenerationalDistance: 0.006377965489778437
    InvertedGenerationalDistance: 0.09256629984536408
    AdditiveEpsilonIndicator: 0.26270750494131107
    MaximumParetoFrontError: 0.3585394805558025
    Spacing: 271.92413220705686
    Contribution: 0.003389830508474576
    R1Indicator: 0.0
    R2Indicator: 81638.38021628013
    R3Indicator: 92224.74426333087
KRRGZ:
    Hypervolume: 0.745860235290261
    GenerationalDistance: 0.0
    InvertedGenerationalDistance: 8.149199613116273E-6
    AdditiveEpsilonIndicator: 0.0013743871952738296
    MaximumParetoFrontError: 0.0
    Spacing: 57.31614351610385
    Contribution: 0.9966101694915255
    R1Indicator: 0.0
    R2Indicator: 78065.15829029864
    R3Indicator: 88188.1560339557
