RS:
    Hypervolume: 0.0
    GenerationalDistance: 2.3002594313134037
    InvertedGenerationalDistance: 4.090015922323237
    AdditiveEpsilonIndicator: 4.514426852835889
    MaximumParetoFrontError: 6.83226790143759
    Spacing: 15073.642902418249
    Contribution: 0.0
    R1Indicator: 0.0
    R2Indicator: 291843.2515460253
    R3Indicator: 324328.92029559775
NSGAIIITAGLS:
    Hypervolume: 0.690134494103526
    GenerationalDistance: 0.0
    InvertedGenerationalDistance: 0.05234959751195916
    AdditiveEpsilonIndicator: 0.26022718694679153
    MaximumParetoFrontError: 0.0
    Spacing: 225.40030873662846
    Contribution: 0.851063829787234
    R1Indicator: 0.0
    R2Indicator: 195510.41311216351
    R3Indicator: 217273.1525792352
KRRGZ:
    Hypervolume: 0.7320992954901829
    GenerationalDistance: 0.026780702729195804
    InvertedGenerationalDistance: 0.08096380797800282
    AdditiveEpsilonIndicator: 0.10058792586774533
    MaximumParetoFrontError: 0.9685123425906825
    Spacing: 1680.398766235285
    Contribution: 0.14893617021276595
    R1Indicator: 0.0
    R2Indicator: 189617.97330438258
    R3Indicator: 210724.7968840563
