NSGAIIITA:
    Hypervolume: 0.828377412607187
    GenerationalDistance: 0.0
    InvertedGenerationalDistance: 0.0
    AdditiveEpsilonIndicator: 0.0
    MaximumParetoFrontError: 0.0
    Spacing: 718.7970855029425
    Contribution: 1.0
    R1Indicator: 0.0
    R2Indicator: 317930.6092939449
    R3Indicator: 348688.42974723113
RS:
    Hypervolume: 0.0
    GenerationalDistance: 12.720412994190333
    InvertedGenerationalDistance: 29.351313242579533
    AdditiveEpsilonIndicator: 28.69235025034029
    MaximumParetoFrontError: 33.566050778535924
    Spacing: 14660.756049007037
    Contribution: 0.0
    R1Indicator: 0.0
    R2Indicator: 990384.3557580378
    R3Indicator: 1086196.9292160356
KRRGZ:
    Hypervolume: 0.0
    GenerationalDistance: 0.7426339752649571
    InvertedGenerationalDistance: 2.4099190996550623
    AdditiveEpsilonIndicator: 2.4959890054963467
    MaximumParetoFrontError: 5.551630909865934
    Spacing: 13699.62831134813
    Contribution: 0.0
    R1Indicator: 0.0
    R2Indicator: 376428.0307671727
    R3Indicator: 412845.057695613
