RS:
    Hypervolume: 0.0
    GenerationalDistance: 0.2048242172469361
    InvertedGenerationalDistance: 1.023171999198854
    AdditiveEpsilonIndicator: 1.2999463789142742
    MaximumParetoFrontError: 1.174560427865225
    Spacing: 1193.51824276176
    Contribution: 0.0
    R1Indicator: 0.0
    R2Indicator: 53665.2481851834
    R3Indicator: 59017.79429430202
NSGAIIITAGLS:
    Hypervolume: 0.6139747850758088
    GenerationalDistance: 0.0023775344336808375
    InvertedGenerationalDistance: 0.14053474811667072
    AdditiveEpsilonIndicator: 0.33958822898027013
    MaximumParetoFrontError: 0.06981725298938148
    Spacing: 69.3698941612607
    Contribution: 0.0
    R1Indicator: 0.0
    R2Indicator: 45614.97787675168
    R3Indicator: 50164.58811987471
KRRGZ:
    Hypervolume: 0.8357009092229548
    GenerationalDistance: 0.0
    InvertedGenerationalDistance: 0.0
    AdditiveEpsilonIndicator: 0.0
    MaximumParetoFrontError: 0.0
    Spacing: 41.30501356057855
    Contribution: 1.0
    R1Indicator: 0.0
    R2Indicator: 42768.510157002835
    R3Indicator: 47034.198522745086
