NSGAIIITA:
    Hypervolume: 0.5847339493476003
    GenerationalDistance: 2.0981198451439738E-4
    InvertedGenerationalDistance: 0.001870835344702235
    AdditiveEpsilonIndicator: 0.019097217845803496
    MaximumParetoFrontError: 0.016859805596578067
    Spacing: 2.9153666790111825
    Contribution: 0.7360406091370558
    R1Indicator: 0.0
    R2Indicator: 5700.357447790089
    R3Indicator: 6741.256002458503
RS:
    Hypervolume: 0.0
    GenerationalDistance: 6.719655308931098
    InvertedGenerationalDistance: 8.706745150815713
    AdditiveEpsilonIndicator: 9.145009449404803
    MaximumParetoFrontError: 13.361465928443138
    Spacing: 1856.265826812992
    Contribution: 0.0
    R1Indicator: 0.0
    R2Indicator: 9474.648506255759
    R3Indicator: 11204.748799170658
KRRGZ:
    Hypervolume: 0.5833556941441226
    GenerationalDistance: 6.397259269274534E-4
    InvertedGenerationalDistance: 0.003000013040034762
    AdditiveEpsilonIndicator: 0.01645951319480289
    MaximumParetoFrontError: 0.07307462648513963
    Spacing: 3.1264260945797298
    Contribution: 0.38071065989847713
    R1Indicator: 0.0
    R2Indicator: 5700.357398958843
    R3Indicator: 6741.255953510069
