RS:
    Hypervolume: 0.0
    GenerationalDistance: 0.28206818057812083
    InvertedGenerationalDistance: 1.0787563517026166
    AdditiveEpsilonIndicator: 1.351864055932931
    MaximumParetoFrontError: 1.0779491601210411
    Spacing: 724.4794188349715
    Contribution: 0.0
    R1Indicator: 0.0
    R2Indicator: 53302.130057501854
    R3Indicator: 61119.80739482236
NSGAIIITAGLS:
    Hypervolume: 0.45893511286999467
    GenerationalDistance: 0.010353675462911424
    InvertedGenerationalDistance: 0.2907208704660541
    AdditiveEpsilonIndicator: 0.4792566889464169
    MaximumParetoFrontError: 0.24876689008878775
    Spacing: 144.4087741596211
    Contribution: 0.0
    R1Indicator: 0.0
    R2Indicator: 46610.96772069799
    R3Indicator: 53447.268026306825
KRRGZ:
    Hypervolume: 0.7061302143129639
    GenerationalDistance: 0.0
    InvertedGenerationalDistance: 0.0
    AdditiveEpsilonIndicator: 0.0
    MaximumParetoFrontError: 0.0
    Spacing: 28.99040829160508
    Contribution: 1.0
    R1Indicator: 0.0
    R2Indicator: 42936.16467100092
    R3Indicator: 49233.470018809116
