RS:
    Hypervolume: 0.0
    GenerationalDistance: 1.5385657569934788
    InvertedGenerationalDistance: 4.488689621863744
    AdditiveEpsilonIndicator: 4.756104783312882
    MaximumParetoFrontError: 6.627380804099391
    Spacing: 3464.704297083717
    Contribution: 0.0
    R1Indicator: 0.0
    R2Indicator: 220892.8584963819
    R3Indicator: 245101.83340955785
NSGAIIITAGLS:
    Hypervolume: 0.8033137567239165
    GenerationalDistance: 0.0
    InvertedGenerationalDistance: 0.0
    AdditiveEpsilonIndicator: 0.0
    MaximumParetoFrontError: 0.0
    Spacing: 162.7752395954434
    Contribution: 1.0
    R1Indicator: 0.0
    R2Indicator: 128086.4612239317
    R3Indicator: 142124.2484870296
KRRGZ:
    Hypervolume: 0.5397877858939392
    GenerationalDistance: 0.03471655871557908
    InvertedGenerationalDistance: 0.17568886055220387
    AdditiveEpsilonIndicator: 0.19118352499515373
    MaximumParetoFrontError: 0.7093669085306139
    Spacing: 483.892009468126
    Contribution: 0.0
    R1Indicator: 0.0
    R2Indicator: 129553.42879080038
    R3Indicator: 143751.98407164335
