NSGAIIITA:
    Hypervolume: 0.7688307491366434
    GenerationalDistance: 0.0
    InvertedGenerationalDistance: 5.784438020766877E-4
    AdditiveEpsilonIndicator: 0.0017584421357899668
    MaximumParetoFrontError: 0.0
    Spacing: 65.1690724227087
    Contribution: 0.9828850855745721
    R1Indicator: 0.0
    R2Indicator: 77741.4972839837
    R3Indicator: 87289.76241136804
RS:
    Hypervolume: 0.0
    GenerationalDistance: 0.23394192622238646
    InvertedGenerationalDistance: 1.147846840466149
    AdditiveEpsilonIndicator: 1.3941404223214575
    MaximumParetoFrontError: 0.9224716656534757
    Spacing: 672.1637015954378
    Contribution: 0.0
    R1Indicator: 0.0
    R2Indicator: 98422.82268952363
    R3Indicator: 110511.20375575201
KRRGZ:
    Hypervolume: 0.7414028140153698
    GenerationalDistance: 0.0012388167589533344
    InvertedGenerationalDistance: 0.019703496703078957
    AdditiveEpsilonIndicator: 0.022474375348704168
    MaximumParetoFrontError: 0.02943211943624745
    Spacing: 87.19822207363046
    Contribution: 0.017114914425427872
    R1Indicator: 0.0
    R2Indicator: 77735.61136551992
    R3Indicator: 87283.15169539544
