RS:
    Hypervolume: 0.0
    GenerationalDistance: 0.9730453380536851
    InvertedGenerationalDistance: 2.4300202612441355
    AdditiveEpsilonIndicator: 2.748408645017619
    MaximumParetoFrontError: 3.7138319676601506
    Spacing: 13085.947840335373
    Contribution: 0.0
    R1Indicator: 0.0
    R2Indicator: 307454.29830191686
    R3Indicator: 332744.5586184977
NSGAIIITAGLS:
    Hypervolume: 0.49765260523955457
    GenerationalDistance: 0.01958973877614557
    InvertedGenerationalDistance: 0.22510300387512983
    AdditiveEpsilonIndicator: 0.45633903640711915
    MaximumParetoFrontError: 0.2154104335712401
    Spacing: 2373.3159159550055
    Contribution: 0.0
    R1Indicator: 0.0
    R2Indicator: 210144.0491459593
    R3Indicator: 227429.9049244247
KRRGZ:
    Hypervolume: 0.8580567142215583
    GenerationalDistance: 0.0
    InvertedGenerationalDistance: 0.0
    AdditiveEpsilonIndicator: 0.0
    MaximumParetoFrontError: 0.0
    Spacing: 515.9472571153433
    Contribution: 1.0
    R1Indicator: 0.0
    R2Indicator: 190770.23735536425
    R3Indicator: 206462.4583912933
