NSGAIIITA:
    Hypervolume: 0.81002700644329
    GenerationalDistance: 0.0
    InvertedGenerationalDistance: 0.0
    AdditiveEpsilonIndicator: 0.0
    MaximumParetoFrontError: 0.0
    Spacing: 2993.2058977561005
    Contribution: 1.0
    R1Indicator: 0.0
    R2Indicator: 326074.428513069
    R3Indicator: 360348.91891232727
RS:
    Hypervolume: 0.0
    GenerationalDistance: 13.567762132831389
    InvertedGenerationalDistance: 34.229131293417055
    AdditiveEpsilonIndicator: 29.409146990651653
    MaximumParetoFrontError: 45.85434564911099
    Spacing: 33089.426163505756
    Contribution: 0.0
    R1Indicator: 0.0
    R2Indicator: 948572.4320964606
    R3Indicator: 1048278.1160740715
KRRGZ:
    Hypervolume: 0.0
    GenerationalDistance: 1.1633861103698113
    InvertedGenerationalDistance: 4.173340094881619
    AdditiveEpsilonIndicator: 3.4452285572636194
    MaximumParetoFrontError: 5.796972419616569
    Spacing: 13413.183620548003
    Contribution: 0.0
    R1Indicator: 0.0
    R2Indicator: 393532.22467624414
    R3Indicator: 434897.29670476133
