RS:
    Hypervolume: 0.0
    GenerationalDistance: 0.23481528171624394
    InvertedGenerationalDistance: 1.039062334911173
    AdditiveEpsilonIndicator: 1.3208260979335167
    MaximumParetoFrontError: 1.2397148238603082
    Spacing: 2593.165820955269
    Contribution: 0.0
    R1Indicator: 0.0
    R2Indicator: 98719.84653425157
    R3Indicator: 111461.45493329837
NSGAIIITAGLS:
    Hypervolume: 0.5886056370287042
    GenerationalDistance: 0.012995954277440658
    InvertedGenerationalDistance: 0.14642974135152304
    AdditiveEpsilonIndicator: 0.3192744663311732
    MaximumParetoFrontError: 0.6112749090678078
    Spacing: 1085.7103293032321
    Contribution: 0.0
    R1Indicator: 0.0
    R2Indicator: 82443.34738248063
    R3Indicator: 93084.16952169203
KRRGZ:
    Hypervolume: 0.7521131902971487
    GenerationalDistance: 0.0
    InvertedGenerationalDistance: 0.0
    AdditiveEpsilonIndicator: 0.0
    MaximumParetoFrontError: 0.0
    Spacing: 110.14062369457926
    Contribution: 1.0
    R1Indicator: 0.0
    R2Indicator: 77254.86460855503
    R3Indicator: 87225.99898424959
