RS:
    Hypervolume: 0.0
    GenerationalDistance: 3.187957843696312
    InvertedGenerationalDistance: 6.068249681034429
    AdditiveEpsilonIndicator: 6.454246658984187
    MaximumParetoFrontError: 7.884004487576758
    Spacing: 704.3593806470877
    Contribution: 0.0
    R1Indicator: 0.0
    R2Indicator: 8872.500523966472
    R3Indicator: 10210.20777516413
NSGAIIITAGLS:
    Hypervolume: 0.6715865168414924
    GenerationalDistance: 0.0022174696941382084
    InvertedGenerationalDistance: 0.01833599057731616
    AdditiveEpsilonIndicator: 0.06124473087806055
    MaximumParetoFrontError: 0.0720807533803734
    Spacing: 2.2500958887808515
    Contribution: 0.5025641025641026
    R1Indicator: 0.0
    R2Indicator: 5700.38141851039
    R3Indicator: 6559.826106027065
KRRGZ:
    Hypervolume: 0.6860438932396344
    GenerationalDistance: 8.397377303386134E-4
    InvertedGenerationalDistance: 0.008618810842182814
    AdditiveEpsilonIndicator: 0.025157045429145763
    MaximumParetoFrontError: 0.027800390662895233
    Spacing: 2.1335244746508244
    Contribution: 0.49743589743589745
    R1Indicator: 0.0
    R2Indicator: 5700.807435587055
    R3Indicator: 6560.316460793999
