NSGAIIITA:
    Hypervolume: 0.579940766025403
    GenerationalDistance: 1.572743945446682E-4
    InvertedGenerationalDistance: 0.0012450624468376028
    AdditiveEpsilonIndicator: 0.0115668871776686
    MaximumParetoFrontError: 0.010946128576301862
    Spacing: 2.2488280042074007
    Contribution: 0.6984924623115578
    R1Indicator: 0.0
    R2Indicator: 5700.356157894183
    R3Indicator: 6752.884095606629
RS:
    Hypervolume: 0.0
    GenerationalDistance: 4.450580702800719
    InvertedGenerationalDistance: 8.048571948076816
    AdditiveEpsilonIndicator: 8.46856547238694
    MaximumParetoFrontError: 10.364261615490113
    Spacing: 203.11426485140967
    Contribution: 0.0
    R1Indicator: 0.0
    R2Indicator: 9069.286159165751
    R3Indicator: 10743.866130693763
KRRGZ:
    Hypervolume: 0.5781926321107067
    GenerationalDistance: 3.928688399538766E-4
    InvertedGenerationalDistance: 0.002173868459376961
    AdditiveEpsilonIndicator: 0.02482601572042073
    MaximumParetoFrontError: 0.02983075001961954
    Spacing: 2.488098988731053
    Contribution: 0.3417085427135678
    R1Indicator: 0.0
    R2Indicator: 5700.582993087086
    R3Indicator: 6753.152800219103
