NSGAIIITA:
    Hypervolume: 0.6794119006676614
    GenerationalDistance: 8.013248832376117E-4
    InvertedGenerationalDistance: 0.0016867613067333568
    AdditiveEpsilonIndicator: 0.01463794293672884
    MaximumParetoFrontError: 0.2885760250689333
    Spacing: 207.71042603396447
    Contribution: 0.6798418972332015
    R1Indicator: 0.0
    R2Indicator: 42646.012486287735
    R3Indicator: 49248.860622258624
RS:
    Hypervolume: 0.0
    GenerationalDistance: 0.3371372426229783
    InvertedGenerationalDistance: 1.057668521371473
    AdditiveEpsilonIndicator: 1.336855257357228
    MaximumParetoFrontError: 1.5720229354263404
    Spacing: 2162.509972500295
    Contribution: 0.0
    R1Indicator: 0.0
    R2Indicator: 52948.39275450453
    R3Indicator: 61146.38796543098
KRRGZ:
    Hypervolume: 0.675888388213396
    GenerationalDistance: 1.2674849851360373E-4
    InvertedGenerationalDistance: 0.0035551234511018263
    AdditiveEpsilonIndicator: 0.04734902723237455
    MaximumParetoFrontError: 0.014296427283408334
    Spacing: 28.8829402136203
    Contribution: 0.3201581027667984
    R1Indicator: 0.0
    R2Indicator: 43010.87740077925
    R3Indicator: 49670.22262127805
