NSGAIIITA:
    Hypervolume: 0.3460022994098898
    GenerationalDistance: 0.0410723278686722
    InvertedGenerationalDistance: 0.17073472062584893
    AdditiveEpsilonIndicator: 0.39543847782833635
    MaximumParetoFrontError: 0.3918784149119001
    Spacing: 17.33522795678834
    Contribution: 0.0
    R1Indicator: 0.0
    R2Indicator: 5866.10992246719
    R3Indicator: 6940.415571300205
RS:
    Hypervolume: 0.0
    GenerationalDistance: 3.4369474822603876
    InvertedGenerationalDistance: 6.30499502671573
    AdditiveEpsilonIndicator: 6.7869520488908845
    MaximumParetoFrontError: 9.210604029368282
    Spacing: 621.2632854982847
    Contribution: 0.0
    R1Indicator: 0.0
    R2Indicator: 8543.737517652624
    R3Indicator: 10108.420898198448
KRRGZ:
    Hypervolume: 0.585937450201283
    GenerationalDistance: 0.0
    InvertedGenerationalDistance: 0.0
    AdditiveEpsilonIndicator: 0.0
    MaximumParetoFrontError: 0.0
    Spacing: 1.6888772914310248
    Contribution: 1.0
    R1Indicator: 0.0
    R2Indicator: 5700.4498648332465
    R3Indicator: 6744.4161946195
