NSGAIIITA:
    Hypervolume: 0.8284615129839513
    GenerationalDistance: 0.0
    InvertedGenerationalDistance: 0.0
    AdditiveEpsilonIndicator: 0.0
    MaximumParetoFrontError: 0.0
    Spacing: 132.25551881021462
    Contribution: 1.0
    R1Indicator: 0.0
    R2Indicator: 126887.55927065996
    R3Indicator: 139800.7252443029
RS:
    Hypervolume: 0.0
    GenerationalDistance: 2.004465277477743
    InvertedGenerationalDistance: 4.405604942808136
    AdditiveEpsilonIndicator: 4.649130518577192
    MaximumParetoFrontError: 5.496946757685566
    Spacing: 5479.760363660275
    Contribution: 0.0
    R1Indicator: 0.0
    R2Indicator: 223863.67577689578
    R3Indicator: 246645.93718528608
KRRGZ:
    Hypervolume: 0.5616013619301512
    GenerationalDistance: 0.019688614954545013
    InvertedGenerationalDistance: 0.18259715974174384
    AdditiveEpsilonIndicator: 0.2689949829187106
    MaximumParetoFrontError: 0.3066002561633572
    Spacing: 261.9793861060634
    Contribution: 0.0
    R1Indicator: 0.0
    R2Indicator: 132498.4817286721
    R3Indicator: 145982.6656833137
