NSGAIIITA:
    Hypervolume: 0.8060610989311489
    GenerationalDistance: 0.0
    InvertedGenerationalDistance: 0.0
    AdditiveEpsilonIndicator: 0.0
    MaximumParetoFrontError: 0.0
    Spacing: 1562.9212761892536
    Contribution: 1.0
    R1Indicator: 0.0
    R2Indicator: 328148.3366594084
    R3Indicator: 361960.567167072
RS:
    Hypervolume: 0.0
    GenerationalDistance: 9.35533496773065
    InvertedGenerationalDistance: 18.202648280379144
    AdditiveEpsilonIndicator: 13.242275022090507
    MaximumParetoFrontError: 19.452587986932294
    Spacing: 85225.75003643501
    Contribution: 0.0
    R1Indicator: 0.0
    R2Indicator: 958341.0349996235
    R3Indicator: 1057086.914852976
KRRGZ:
    Hypervolume: 0.0
    GenerationalDistance: 0.4359367910055387
    InvertedGenerationalDistance: 1.8187777611838172
    AdditiveEpsilonIndicator: 1.5602546967006081
    MaximumParetoFrontError: 3.0751402006449675
    Spacing: 5521.399524698159
    Contribution: 0.0
    R1Indicator: 0.0
    R2Indicator: 389709.9505205432
    R3Indicator: 429865.3873265133
