NSGAIIITA:
    Hypervolume: 0.8465257680187491
    GenerationalDistance: 0.0
    InvertedGenerationalDistance: 0.0
    AdditiveEpsilonIndicator: 0.0
    MaximumParetoFrontError: 0.0
    Spacing: 432.40410557670504
    Contribution: 1.0
    R1Indicator: 0.0
    R2Indicator: 284578.82970161707
    R3Indicator: 309279.4337907671
RS:
    Hypervolume: 0.0
    GenerationalDistance: 13.849377697825489
    InvertedGenerationalDistance: 33.31562696593926
    AdditiveEpsilonIndicator: 28.328670221056523
    MaximumParetoFrontError: 35.10522982677517
    Spacing: 50292.2985326327
    Contribution: 0.0
    R1Indicator: 0.0
    R2Indicator: 843393.9251275556
    R3Indicator: 916597.6662619794
KRRGZ:
    Hypervolume: 0.0
    GenerationalDistance: 1.0245334960601782
    InvertedGenerationalDistance: 3.05256765330606
    AdditiveEpsilonIndicator: 2.9080511046120745
    MaximumParetoFrontError: 5.928179316072032
    Spacing: 23908.92146473543
    Contribution: 0.0
    R1Indicator: 0.0
    R2Indicator: 341943.2830183989
    R3Indicator: 371622.92761911673
