NSGAIIITA:
    Hypervolume: 0.592141597497412
    GenerationalDistance: 1.1537410784803452E-4
    InvertedGenerationalDistance: 9.295924489818421E-4
    AdditiveEpsilonIndicator: 0.01004454158643495
    MaximumParetoFrontError: 0.012979460995875696
    Spacing: 2.7065260857170115
    Contribution: 0.8203592814371258
    R1Indicator: 0.0
    R2Indicator: 5700.3582010653145
    R3Indicator: 6738.355713411886
RS:
    Hypervolume: 0.0
    GenerationalDistance: 5.750474614013949
    InvertedGenerationalDistance: 8.531831600959913
    AdditiveEpsilonIndicator: 8.933473819052061
    MaximumParetoFrontError: 12.421514102771921
    Spacing: 1185.7154996041913
    Contribution: 0.0
    R1Indicator: 0.0
    R2Indicator: 9369.334244699503
    R3Indicator: 11075.433232429237
KRRGZ:
    Hypervolume: 0.5865517833531124
    GenerationalDistance: 6.1190046756584E-4
    InvertedGenerationalDistance: 0.003876343705313312
    AdditiveEpsilonIndicator: 0.021747386662473778
    MaximumParetoFrontError: 0.033581286337777246
    Spacing: 3.8464737936951616
    Contribution: 0.5209580838323353
    R1Indicator: 0.0
    R2Indicator: 5700.358188183488
    R3Indicator: 6738.355700504244
