NSGAIIITA:
    Hypervolume: 0.8631597970669674
    GenerationalDistance: 0.0
    InvertedGenerationalDistance: 0.0
    AdditiveEpsilonIndicator: 0.0
    MaximumParetoFrontError: 0.0
    Spacing: 1886.4237762906043
    Contribution: 1.0
    R1Indicator: 0.0
    R2Indicator: 287010.3282663021
    R3Indicator: 310053.02012094465
RS:
    Hypervolume: 0.0
    GenerationalDistance: 7.4254297978838855
    InvertedGenerationalDistance: 19.770454524065425
    AdditiveEpsilonIndicator: 16.749674013809585
    MaximumParetoFrontError: 22.44822835961503
    Spacing: 35690.44129774386
    Contribution: 0.0
    R1Indicator: 0.0
    R2Indicator: 831883.2481530297
    R3Indicator: 898670.8613240866
KRRGZ:
    Hypervolume: 0.0
    GenerationalDistance: 0.3921868801586247
    InvertedGenerationalDistance: 1.5789670975745378
    AdditiveEpsilonIndicator: 1.4152667969599941
    MaximumParetoFrontError: 2.1885612486471753
    Spacing: 10498.56495845605
    Contribution: 0.0
    R1Indicator: 0.0
    R2Indicator: 332796.44690350123
    R3Indicator: 359515.05888538476
