NSGAIIITA:
    Hypervolume: 0.6853506528098368
    GenerationalDistance: 6.319715821890709E-4
    InvertedGenerationalDistance: 0.0010278411706098527
    AdditiveEpsilonIndicator: 0.01061517213420617
    MaximumParetoFrontError: 0.23250818064929502
    Spacing: 177.5053807197413
    Contribution: 0.7558386411889597
    R1Indicator: 0.0
    R2Indicator: 42961.23430205701
    R3Indicator: 49527.76111298725
RS:
    Hypervolume: 0.0
    GenerationalDistance: 0.2852497600794832
    InvertedGenerationalDistance: 1.1740702948751494
    AdditiveEpsilonIndicator: 1.4311405398146275
    MaximumParetoFrontError: 1.8002489433112712
    Spacing: 1080.612054374981
    Contribution: 0.0
    R1Indicator: 0.0
    R2Indicator: 53789.273116666685
    R3Indicator: 62010.87523870461
KRRGZ:
    Hypervolume: 0.6820883031351543
    GenerationalDistance: 2.6418339928269954E-4
    InvertedGenerationalDistance: 0.0025448347162542414
    AdditiveEpsilonIndicator: 0.02373289638470779
    MaximumParetoFrontError: 0.06294103754171158
    Spacing: 30.322064468190895
    Contribution: 0.24416135881104034
    R1Indicator: 0.0
    R2Indicator: 43022.13483271751
    R3Indicator: 49597.97082886202
