RS:
    Hypervolume: 0.0
    GenerationalDistance: 1.119848679038595
    InvertedGenerationalDistance: 3.1151441796696755
    AdditiveEpsilonIndicator: 3.2156512305056753
    MaximumParetoFrontError: 3.0192068891948614
    Spacing: 4471.5781987708715
    Contribution: 0.0
    R1Indicator: 0.0
    R2Indicator: 299068.3003682345
    R3Indicator: 329447.9105076133
NSGAIIITAGLS:
    Hypervolume: 0.8133306401047626
    GenerationalDistance: 0.0
    InvertedGenerationalDistance: 0.0
    AdditiveEpsilonIndicator: 0.0
    MaximumParetoFrontError: 0.0
    Spacing: 227.28434428423472
    Contribution: 1.0
    R1Indicator: 0.0
    R2Indicator: 183154.3185996371
    R3Indicator: 201759.31438144937
KRRGZ:
    Hypervolume: 0.631792314678431
    GenerationalDistance: 0.017391685616161796
    InvertedGenerationalDistance: 0.12376741631832879
    AdditiveEpsilonIndicator: 0.14663607616874605
    MaximumParetoFrontError: 0.5107652620571722
    Spacing: 467.3280530503217
    Contribution: 0.0
    R1Indicator: 0.0
    R2Indicator: 187891.58647532653
    R3Indicator: 206977.79160790824
