NSGAIIITA:
    Hypervolume: 0.7679961161895977
    GenerationalDistance: 0.0
    InvertedGenerationalDistance: 0.0
    AdditiveEpsilonIndicator: 0.0
    MaximumParetoFrontError: 0.0
    Spacing: 575.29750216327
    Contribution: 1.0
    R1Indicator: 0.0
    R2Indicator: 283710.33972683933
    R3Indicator: 318416.0404562684
RS:
    Hypervolume: 0.0
    GenerationalDistance: 9.867062939775044
    InvertedGenerationalDistance: 30.127900445129637
    AdditiveEpsilonIndicator: 26.411059488439868
    MaximumParetoFrontError: 36.359527217923564
    Spacing: 27717.384961928114
    Contribution: 0.0
    R1Indicator: 0.0
    R2Indicator: 898538.6023314522
    R3Indicator: 1008454.5179519214
KRRGZ:
    Hypervolume: 0.0
    GenerationalDistance: 1.3730216277156286
    InvertedGenerationalDistance: 2.715052099926747
    AdditiveEpsilonIndicator: 2.493959164628833
    MaximumParetoFrontError: 4.377099172357632
    Spacing: 11763.53975092388
    Contribution: 0.0
    R1Indicator: 0.0
    R2Indicator: 341767.68665191095
    R3Indicator: 383575.38203828456
