NSGAIIITA:
    Hypervolume: 0.7583499754932503
    GenerationalDistance: 6.676289121188537E-5
    InvertedGenerationalDistance: 6.780821157315331E-4
    AdditiveEpsilonIndicator: 0.008947156011323662
    MaximumParetoFrontError: 0.019046353381307928
    Spacing: 110.74607703084232
    Contribution: 0.9396751740139211
    R1Indicator: 0.0
    R2Indicator: 77201.68923002074
    R3Indicator: 86955.22439010342
RS:
    Hypervolume: 0.0
    GenerationalDistance: 0.27560472711039347
    InvertedGenerationalDistance: 1.055210874304597
    AdditiveEpsilonIndicator: 1.3042183142793766
    MaximumParetoFrontError: 1.1136346247599678
    Spacing: 777.6718382995615
    Contribution: 0.0
    R1Indicator: 0.0
    R2Indicator: 97943.07101329535
    R3Indicator: 110317.06573059091
KRRGZ:
    Hypervolume: 0.7276473733926663
    GenerationalDistance: 0.0015294869205307426
    InvertedGenerationalDistance: 0.023516748443636597
    AdditiveEpsilonIndicator: 0.03789086103286972
    MaximumParetoFrontError: 0.03888605406403547
    Spacing: 65.74794667716127
    Contribution: 0.060324825986078884
    R1Indicator: 0.0
    R2Indicator: 77804.2729832845
    R3Indicator: 87633.93915378097
