RS:
    Hypervolume: 0.0
    GenerationalDistance: 5.046716241776447
    InvertedGenerationalDistance: 12.593244094600417
    AdditiveEpsilonIndicator: 11.91216498045196
    MaximumParetoFrontError: 14.356488268248576
    Spacing: 10263.46361069566
    Contribution: 0.0
    R1Indicator: 0.0
    R2Indicator: 446423.89478244795
    R3Indicator: 500214.95771080884
NSGAIIITAGLS:
    Hypervolume: 0.0
    GenerationalDistance: 5.663746976156159
    InvertedGenerationalDistance: 11.765189843251118
    AdditiveEpsilonIndicator: 11.53285391009003
    MaximumParetoFrontError: 13.326284389804181
    Spacing: 26164.10526125498
    Contribution: 0.0
    R1Indicator: 0.0
    R2Indicator: 439421.7941526857
    R3Indicator: 492369.2179381339
KRRGZ:
    Hypervolume: 0.7440446403046828
    GenerationalDistance: 0.0
    InvertedGenerationalDistance: 0.0
    AdditiveEpsilonIndicator: 0.0
    MaximumParetoFrontError: 0.0
    Spacing: 939.7813830080975
    Contribution: 1.0
    R1Indicator: 0.0
    R2Indicator: 226541.34394039772
    R3Indicator: 253838.15205555584
