NSGAIIITA:
    Hypervolume: 0.858698374615983
    GenerationalDistance: 0.0
    InvertedGenerationalDistance: 0.0
    AdditiveEpsilonIndicator: 0.0
    MaximumParetoFrontError: 0.0
    Spacing: 844.5684289055616
    Contribution: 1.0
    R1Indicator: 0.0
    R2Indicator: 214417.27000480908
    R3Indicator: 232575.00434518766
RS:
    Hypervolume: 0.0
    GenerationalDistance: 5.355935156042291
    InvertedGenerationalDistance: 14.065359284937792
    AdditiveEpsilonIndicator: 12.145836949508848
    MaximumParetoFrontError: 16.611454460622273
    Spacing: 32856.45083227003
    Contribution: 0.0
    R1Indicator: 0.0
    R2Indicator: 557780.2688928001
    R3Indicator: 605015.2022434422
KRRGZ:
    Hypervolume: 0.06408387401742807
    GenerationalDistance: 0.12632435041599935
    InvertedGenerationalDistance: 0.6968464858327996
    AdditiveEpsilonIndicator: 0.8490404660480644
    MaximumParetoFrontError: 0.7008154260006376
    Spacing: 3512.805373825582
    Contribution: 0.0
    R1Indicator: 0.0
    R2Indicator: 238419.5597708727
    R3Indicator: 258609.90148989687
