NSGAIIITA:
    Hypervolume: 0.5772453750367964
    GenerationalDistance: 0.0011045439338225075
    InvertedGenerationalDistance: 0.007692591319560488
    AdditiveEpsilonIndicator: 0.028089010641971446
    MaximumParetoFrontError: 0.09208335117324906
    Spacing: 1.9926848403458022
    Contribution: 0.3481781376518219
    R1Indicator: 0.0
    R2Indicator: 5700.356950715269
    R3Indicator: 6744.19023967085
RS:
    Hypervolume: 0.0
    GenerationalDistance: 4.096913765131709
    InvertedGenerationalDistance: 8.025929991733467
    AdditiveEpsilonIndicator: 8.498676523374641
    MaximumParetoFrontError: 8.800993448252097
    Spacing: 42.39093848371898
    Contribution: 0.0
    R1Indicator: 0.0
    R2Indicator: 9239.34148275567
    R3Indicator: 10931.230130901557
KRRGZ:
    Hypervolume: 0.5864033222891751
    GenerationalDistance: 1.1667066422472842E-4
    InvertedGenerationalDistance: 9.086644165843252E-4
    AdditiveEpsilonIndicator: 0.009589068538588874
    MaximumParetoFrontError: 0.012258093150647978
    Spacing: 1.9966542708150274
    Contribution: 0.6518218623481782
    R1Indicator: 0.0
    R2Indicator: 5701.280286005029
    R3Indicator: 6745.282679906438
