NSGAIIITA:
    Hypervolume: 0.8865966754150161
    GenerationalDistance: 0.0
    InvertedGenerationalDistance: 0.004980067580416952
    AdditiveEpsilonIndicator: 0.004437427333719924
    MaximumParetoFrontError: 0.0
    Spacing: 202.95183008938147
    Contribution: 0.9887005649717514
    R1Indicator: 0.0
    R2Indicator: 125777.47994324692
    R3Indicator: 135581.5902772094
RS:
    Hypervolume: 0.0
    GenerationalDistance: 1.1113148655804683
    InvertedGenerationalDistance: 2.1975312430908764
    AdditiveEpsilonIndicator: 2.3679426542868587
    MaximumParetoFrontError: 1.7218255287461819
    Spacing: 0.0
    Contribution: 0.0
    R1Indicator: 0.0
    R2Indicator: 218627.734209785
    R3Indicator: 235669.33698043172
KRRGZ:
    Hypervolume: 0.7721500592133924
    GenerationalDistance: 0.009546973560724764
    InvertedGenerationalDistance: 0.08439064906180531
    AdditiveEpsilonIndicator: 0.11060603985735482
    MaximumParetoFrontError: 0.17743128766345642
    Spacing: 764.6764254942384
    Contribution: 0.011299435028248588
    R1Indicator: 0.0
    R2Indicator: 130114.45519262385
    R3Indicator: 140256.62706537658
