RS:
    Hypervolume: 0.0
    GenerationalDistance: 0.2649701069638232
    InvertedGenerationalDistance: 1.118950020118255
    AdditiveEpsilonIndicator: 1.4128337756401583
    MaximumParetoFrontError: 1.8937357963691333
    Spacing: 2420.9029557532076
    Contribution: 0.0
    R1Indicator: 0.0
    R2Indicator: 53569.51593999057
    R3Indicator: 59166.071269453336
NSGAIIITAGLS:
    Hypervolume: 0.769430723450768
    GenerationalDistance: 0.002764071010329456
    InvertedGenerationalDistance: 0.01891202510576615
    AdditiveEpsilonIndicator: 0.09621275251805445
    MaximumParetoFrontError: 0.70324825726333
    Spacing: 326.0209444805775
    Contribution: 0.0
    R1Indicator: 0.0
    R2Indicator: 43606.04973167012
    R3Indicator: 48161.679955703126
KRRGZ:
    Hypervolume: 0.8185428383843002
    GenerationalDistance: 0.0
    InvertedGenerationalDistance: 0.0
    AdditiveEpsilonIndicator: 0.0
    MaximumParetoFrontError: 0.0
    Spacing: 33.99542396842584
    Contribution: 1.0
    R1Indicator: 0.0
    R2Indicator: 42878.03078310305
    R3Indicator: 47357.59542805491
