NSGAIIITA:
    Hypervolume: 0.8784918786797244
    GenerationalDistance: 0.0
    InvertedGenerationalDistance: 0.011858889653075605
    AdditiveEpsilonIndicator: 0.024369190498001504
    MaximumParetoFrontError: 0.0
    Spacing: 196.32263912211283
    Contribution: 0.9769230769230769
    R1Indicator: 0.0
    R2Indicator: 183935.40913733517
    R3Indicator: 198007.9578075891
RS:
    Hypervolume: 0.0
    GenerationalDistance: 0.8250507065376482
    InvertedGenerationalDistance: 2.06167389293259
    AdditiveEpsilonIndicator: 2.0677821480532836
    MaximumParetoFrontError: 1.9666998929439234
    Spacing: 4907.1192985408525
    Contribution: 0.0
    R1Indicator: 0.0
    R2Indicator: 303433.4220196734
    R3Indicator: 326648.46608620614
KRRGZ:
    Hypervolume: 0.7208328810207828
    GenerationalDistance: 0.02210522622843891
    InvertedGenerationalDistance: 0.12594184951998644
    AdditiveEpsilonIndicator: 0.14057721077005234
    MaximumParetoFrontError: 0.9684432945928176
    Spacing: 1052.6095096997678
    Contribution: 0.023076923076923078
    R1Indicator: 0.0
    R2Indicator: 191025.76065101667
    R3Indicator: 205640.78266795696
