NSGAIIITA:
    Hypervolume: 0.8328764388217202
    GenerationalDistance: 0.0
    InvertedGenerationalDistance: 0.0
    AdditiveEpsilonIndicator: 0.0
    MaximumParetoFrontError: 0.0
    Spacing: 206.93356907890308
    Contribution: 1.0
    R1Indicator: 0.0
    R2Indicator: 127197.13833197947
    R3Indicator: 139549.30676797582
RS:
    Hypervolume: 0.0
    GenerationalDistance: 1.8029687189390255
    InvertedGenerationalDistance: 3.224413401588495
    AdditiveEpsilonIndicator: 3.4958265556035255
    MaximumParetoFrontError: 5.2033216542406375
    Spacing: 15811.238592082507
    Contribution: 0.0
    R1Indicator: 0.0
    R2Indicator: 209038.53407471746
    R3Indicator: 229338.32809382834
KRRGZ:
    Hypervolume: 0.6274653536204956
    GenerationalDistance: 0.01577985461210892
    InvertedGenerationalDistance: 0.13717035665618368
    AdditiveEpsilonIndicator: 0.17505041770348084
    MaximumParetoFrontError: 0.27175732780956735
    Spacing: 404.95304230567825
    Contribution: 0.0
    R1Indicator: 0.0
    R2Indicator: 130673.58113195928
    R3Indicator: 143363.34858498475
