RS:
    Hypervolume: 0.0
    GenerationalDistance: 1.259200801273637
    InvertedGenerationalDistance: 1.91396276938396
    AdditiveEpsilonIndicator: 2.0364620587399727
    MaximumParetoFrontError: 2.143081758148784
    Spacing: 0.0
    Contribution: 0.0
    R1Indicator: 0.0
    R2Indicator: 300063.82389794337
    R3Indicator: 329352.4749840307
NSGAIIITAGLS:
    Hypervolume: 0.5380914771131143
    GenerationalDistance: 0.03099269004382004
    InvertedGenerationalDistance: 0.21196785895789444
    AdditiveEpsilonIndicator: 0.3996245132755182
    MaximumParetoFrontError: 0.23325409088472518
    Spacing: 8228.640381692207
    Contribution: 0.0
    R1Indicator: 0.0
    R2Indicator: 211857.44125381307
    R3Indicator: 232536.48010948437
KRRGZ:
    Hypervolume: 0.8333305450404098
    GenerationalDistance: 0.0
    InvertedGenerationalDistance: 0.0
    AdditiveEpsilonIndicator: 0.0
    MaximumParetoFrontError: 0.0
    Spacing: 1107.4549250577218
    Contribution: 1.0
    R1Indicator: 0.0
    R2Indicator: 190322.5364549383
    R3Indicator: 208899.5879031567
