RS:
    Hypervolume: 0.0
    GenerationalDistance: 5.768777299950442
    InvertedGenerationalDistance: 13.529186831902017
    AdditiveEpsilonIndicator: 11.860325376178139
    MaximumParetoFrontError: 17.642517899519138
    Spacing: 69106.3524982127
    Contribution: 0.0
    R1Indicator: 0.0
    R2Indicator: 836160.4533521503
    R3Indicator: 937936.5448715264
NSGAIIITAGLS:
    Hypervolume: 0.0
    GenerationalDistance: 6.3736853318721645
    InvertedGenerationalDistance: 11.788497700099743
    AdditiveEpsilonIndicator: 11.214848329308678
    MaximumParetoFrontError: 14.173867726447808
    Spacing: 50674.841713770795
    Contribution: 0.0
    R1Indicator: 0.0
    R2Indicator: 809142.8906110749
    R3Indicator: 907630.6571001526
KRRGZ:
    Hypervolume: 0.7270277373661026
    GenerationalDistance: 0.0
    InvertedGenerationalDistance: 0.0
    AdditiveEpsilonIndicator: 0.0
    MaximumParetoFrontError: 0.0
    Spacing: 3000.748226544715
    Contribution: 1.0
    R1Indicator: 0.0
    R2Indicator: 339756.2078651004
    R3Indicator: 381110.959317452
