NSGAIIITA:
    Hypervolume: 0.8202254872307031
    GenerationalDistance: 0.0
    InvertedGenerationalDistance: 0.0
    AdditiveEpsilonIndicator: 0.0
    MaximumParetoFrontError: 0.0
    Spacing: 1166.196819323614
    Contribution: 1.0
    R1Indicator: 0.0
    R2Indicator: 281485.6955456591
    R3Indicator: 309408.31457427895
RS:
    Hypervolume: 0.0
    GenerationalDistance: 10.179089184153883
    InvertedGenerationalDistance: 24.1328720224685
    AdditiveEpsilonIndicator: 21.946177859489318
    MaximumParetoFrontError: 26.761637567954367
    Spacing: 27324.142270656233
    Contribution: 0.0
    R1Indicator: 0.0
    R2Indicator: 882670.2666417325
    R3Indicator: 970228.410759918
KRRGZ:
    Hypervolume: 0.0
    GenerationalDistance: 0.5382580532966161
    InvertedGenerationalDistance: 2.2193823381655635
    AdditiveEpsilonIndicator: 2.0372466187402742
    MaximumParetoFrontError: 2.858121441822937
    Spacing: 4325.200349595072
    Contribution: 0.0
    R1Indicator: 0.0
    R2Indicator: 337293.158963318
    R3Indicator: 370751.69732554344
