RS:
    Hypervolume: 0.0
    GenerationalDistance: 0.2786984097029108
    InvertedGenerationalDistance: 1.0491287977160026
    AdditiveEpsilonIndicator: 1.3040113497544596
    MaximumParetoFrontError: 1.205485538274064
    Spacing: 1218.8094761032485
    Contribution: 0.0
    R1Indicator: 0.0
    R2Indicator: 52683.727296781224
    R3Indicator: 60780.42297967415
NSGAIIITAGLS:
    Hypervolume: 0.5851223197647731
    GenerationalDistance: 0.004294852988245752
    InvertedGenerationalDistance: 0.09674748092660237
    AdditiveEpsilonIndicator: 0.24529210689500153
    MaximumParetoFrontError: 0.13735733299803216
    Spacing: 103.64653524693394
    Contribution: 0.0
    R1Indicator: 0.0
    R2Indicator: 44776.54219301063
    R3Indicator: 51658.01095469249
KRRGZ:
    Hypervolume: 0.6833659900940039
    GenerationalDistance: 0.0
    InvertedGenerationalDistance: 0.0
    AdditiveEpsilonIndicator: 0.0
    MaximumParetoFrontError: 0.0
    Spacing: 48.192795799728565
    Contribution: 1.0
    R1Indicator: 0.0
    R2Indicator: 42944.61785271206
    R3Indicator: 49544.53399755841
