NSGAIIITA:
    Hypervolume: 0.6783188787866722
    GenerationalDistance: 7.5906106387528E-4
    InvertedGenerationalDistance: 0.0013832210933048378
    AdditiveEpsilonIndicator: 0.0235158673318465
    MaximumParetoFrontError: 0.15216484421498788
    Spacing: 44.585500069175964
    Contribution: 0.8719806763285024
    R1Indicator: 0.0
    R2Indicator: 42882.641666535485
    R3Indicator: 49494.67369935703
RS:
    Hypervolume: 0.0
    GenerationalDistance: 0.24290300450614474
    InvertedGenerationalDistance: 1.141902864253997
    AdditiveEpsilonIndicator: 1.4630075920674663
    MaximumParetoFrontError: 1.004796751045715
    Spacing: 1190.2237188530544
    Contribution: 0.0
    R1Indicator: 0.0
    R2Indicator: 53977.15951225879
    R3Indicator: 62299.87848950619
KRRGZ:
    Hypervolume: 0.676869006972307
    GenerationalDistance: 2.2927173296956275E-4
    InvertedGenerationalDistance: 0.004361874964692311
    AdditiveEpsilonIndicator: 0.030382553394996726
    MaximumParetoFrontError: 0.011761994322974804
    Spacing: 37.269011453896056
    Contribution: 0.1280193236714976
    R1Indicator: 0.0
    R2Indicator: 43113.029488954046
    R3Indicator: 49760.58759784911
