NSGAIIITA:
    Hypervolume: 0.5887558158981706
    GenerationalDistance: 0.0010831964579649305
    InvertedGenerationalDistance: 0.002612734127436015
    AdditiveEpsilonIndicator: 0.01926506884610639
    MaximumParetoFrontError: 0.1588858184337245
    Spacing: 13.699544124647453
    Contribution: 0.6683937823834197
    R1Indicator: 0.0
    R2Indicator: 5700.357748731397
    R3Indicator: 6741.600490678489
RS:
    Hypervolume: 0.0
    GenerationalDistance: 5.216760308460298
    InvertedGenerationalDistance: 6.076324440455767
    AdditiveEpsilonIndicator: 6.522323038145423
    MaximumParetoFrontError: 8.845288565605538
    Spacing: 0.0
    Contribution: 0.0
    R1Indicator: 0.0
    R2Indicator: 8364.347770739021
    R3Indicator: 9892.204465665289
KRRGZ:
    Hypervolume: 0.5880266136877885
    GenerationalDistance: 4.98324376053068E-4
    InvertedGenerationalDistance: 0.0025501143325771984
    AdditiveEpsilonIndicator: 0.02671640405490077
    MaximumParetoFrontError: 0.03474075808794617
    Spacing: 2.5203342825004365
    Contribution: 0.3626943005181347
    R1Indicator: 0.0
    R2Indicator: 5700.420106141764
    R3Indicator: 6741.674214193112
