RS:
    Hypervolume: 0.0
    GenerationalDistance: 0.1457970109629971
    InvertedGenerationalDistance: 0.7561336799882783
    AdditiveEpsilonIndicator: 1.0244765643190334
    MaximumParetoFrontError: 0.7531558043032562
    Spacing: 1268.3133159332483
    Contribution: 0.0
    R1Indicator: 0.0
    R2Indicator: 52284.25172313326
    R3Indicator: 57310.43741033912
NSGAIIITAGLS:
    Hypervolume: 0.7195765300048462
    GenerationalDistance: 0.001694844614207785
    InvertedGenerationalDistance: 0.06031335997013691
    AdditiveEpsilonIndicator: 0.21299458798569604
    MaximumParetoFrontError: 0.07746822961393447
    Spacing: 149.92977951726536
    Contribution: 0.002008032128514056
    R1Indicator: 0.0
    R2Indicator: 44719.44042277521
    R3Indicator: 49018.40091997964
KRRGZ:
    Hypervolume: 0.8486219611128288
    GenerationalDistance: 0.0
    InvertedGenerationalDistance: 3.6594226526924896E-4
    AdditiveEpsilonIndicator: 2.048896471816414E-4
    MaximumParetoFrontError: 0.0
    Spacing: 27.237889240447338
    Contribution: 0.9979919678714859
    R1Indicator: 0.0
    R2Indicator: 42733.99909691088
    R3Indicator: 46842.08117124338
