NSGAIIITA:
    Hypervolume: 0.8370820873245906
    GenerationalDistance: 0.0
    InvertedGenerationalDistance: 0.0
    AdditiveEpsilonIndicator: 0.0
    MaximumParetoFrontError: 0.0
    Spacing: 275.0025957766106
    Contribution: 1.0
    R1Indicator: 0.0
    R2Indicator: 182600.10037625977
    R3Indicator: 200182.42949825866
RS:
    Hypervolume: 0.0
    GenerationalDistance: 1.485823989222072
    InvertedGenerationalDistance: 2.988748925744717
    AdditiveEpsilonIndicator: 3.210944621649924
    MaximumParetoFrontError: 3.185887108575902
    Spacing: 26289.448065449382
    Contribution: 0.0
    R1Indicator: 0.0
    R2Indicator: 304261.36808676546
    R3Indicator: 333558.22963931155
KRRGZ:
    Hypervolume: 0.6080047917512815
    GenerationalDistance: 0.021311857645086738
    InvertedGenerationalDistance: 0.15234646684968473
    AdditiveEpsilonIndicator: 0.22590512886120742
    MaximumParetoFrontError: 0.5690102708599855
    Spacing: 1043.4037990488605
    Contribution: 0.0
    R1Indicator: 0.0
    R2Indicator: 191159.46739592866
    R3Indicator: 209565.96915229605
