NSGAIIITA:
    Hypervolume: 0.8381251417266469
    GenerationalDistance: 0.0
    InvertedGenerationalDistance: 0.0
    AdditiveEpsilonIndicator: 0.0
    MaximumParetoFrontError: 0.0
    Spacing: 1021.3574268876523
    Contribution: 1.0
    R1Indicator: 0.0
    R2Indicator: 319362.76149025024
    R3Indicator: 346938.384419316
RS:
    Hypervolume: 0.0
    GenerationalDistance: 12.552368592250073
    InvertedGenerationalDistance: 24.723578955800395
    AdditiveEpsilonIndicator: 23.27456664726965
    MaximumParetoFrontError: 32.881704455717994
    Spacing: 57605.3337853857
    Contribution: 0.0
    R1Indicator: 0.0
    R2Indicator: 945570.4201109699
    R3Indicator: 1027215.6384944989
KRRGZ:
    Hypervolume: 0.0
    GenerationalDistance: 0.6280734990902389
    InvertedGenerationalDistance: 2.6247563244516474
    AdditiveEpsilonIndicator: 2.550932426347336
    MaximumParetoFrontError: 3.624533111994338
    Spacing: 4188.096981808181
    Contribution: 0.0
    R1Indicator: 0.0
    R2Indicator: 387995.71886552084
    R3Indicator: 421497.46173445444
