NSGAIIITA:
    Hypervolume: 0.7933156555302816
    GenerationalDistance: 0.0
    InvertedGenerationalDistance: 0.0
    AdditiveEpsilonIndicator: 0.0
    MaximumParetoFrontError: 0.0
    Spacing: 420.7696833294182
    Contribution: 1.0
    R1Indicator: 0.0
    R2Indicator: 184675.9702916271
    R3Indicator: 204756.24664312796
RS:
    Hypervolume: 0.0
    GenerationalDistance: 2.107204213464302
    InvertedGenerationalDistance: 3.779546293517068
    AdditiveEpsilonIndicator: 3.9596297332074704
    MaximumParetoFrontError: 7.806293783832707
    Spacing: 40030.20830886064
    Contribution: 0.0
    R1Indicator: 0.0
    R2Indicator: 298294.3405778921
    R3Indicator: 330728.53142697015
KRRGZ:
    Hypervolume: 0.4921813338803026
    GenerationalDistance: 0.03450868949906083
    InvertedGenerationalDistance: 0.21611503599335768
    AdditiveEpsilonIndicator: 0.22265870452450764
    MaximumParetoFrontError: 0.8043132178094522
    Spacing: 845.0867862045203
    Contribution: 0.0
    R1Indicator: 0.0
    R2Indicator: 189170.32928626818
    R3Indicator: 209739.28144464994
