RS:
    Hypervolume: 0.0
    GenerationalDistance: 0.2317717056557733
    InvertedGenerationalDistance: 1.0028850144754604
    AdditiveEpsilonIndicator: 1.276139918333918
    MaximumParetoFrontError: 1.0847609364480193
    Spacing: 1064.2424447019512
    Contribution: 0.0
    R1Indicator: 0.0
    R2Indicator: 52578.614120309816
    R3Indicator: 60373.01781711002
NSGAIIITAGLS:
    Hypervolume: 0.5506415045203198
    GenerationalDistance: 0.005943804748847276
    InvertedGenerationalDistance: 0.16009195318499103
    AdditiveEpsilonIndicator: 0.35419747873274643
    MaximumParetoFrontError: 0.1866303179943838
    Spacing: 93.61167940413216
    Contribution: 0.0
    R1Indicator: 0.0
    R2Indicator: 45548.748567293485
    R3Indicator: 52301.020800022656
KRRGZ:
    Hypervolume: 0.701005408082702
    GenerationalDistance: 0.0
    InvertedGenerationalDistance: 0.0
    AdditiveEpsilonIndicator: 0.0
    MaximumParetoFrontError: 0.0
    Spacing: 26.406781611600948
    Contribution: 1.0
    R1Indicator: 0.0
    R2Indicator: 42848.1009489744
    R3Indicator: 49200.0013822878
