NSGAIIITA:
    Hypervolume: 0.900079445110195
    GenerationalDistance: 0.0
    InvertedGenerationalDistance: 0.0
    AdditiveEpsilonIndicator: 0.0
    MaximumParetoFrontError: 0.0
    Spacing: 949.2439412225996
    Contribution: 1.0
    R1Indicator: 0.0
    R2Indicator: 323937.71718187805
    R3Indicator: 345973.9823602575
RS:
    Hypervolume: 0.0
    GenerationalDistance: 12.877034965781656
    InvertedGenerationalDistance: 18.026104856833413
    AdditiveEpsilonIndicator: 17.190016817901427
    MaximumParetoFrontError: 25.42947337282899
    Spacing: 166450.8206691585
    Contribution: 0.0
    R1Indicator: 0.0
    R2Indicator: 947031.0860205156
    R3Indicator: 1011453.4482091696
KRRGZ:
    Hypervolume: 0.0
    GenerationalDistance: 0.499990051655766
    InvertedGenerationalDistance: 1.9889856961918853
    AdditiveEpsilonIndicator: 1.713855783991513
    MaximumParetoFrontError: 1.8129183856113256
    Spacing: 4088.925078339139
    Contribution: 0.0
    R1Indicator: 0.0
    R2Indicator: 386060.01760040416
    R3Indicator: 412322.20366755617
