NSGAIIITA:
    Hypervolume: 0.7298631110955027
    GenerationalDistance: 0.0
    InvertedGenerationalDistance: 0.0
    AdditiveEpsilonIndicator: 0.0
    MaximumParetoFrontError: 0.0
    Spacing: 449.54034957695677
    Contribution: 1.0
    R1Indicator: 0.0
    R2Indicator: 284566.349954258
    R3Indicator: 322196.1231744629
RS:
    Hypervolume: 0.0
    GenerationalDistance: 12.258921746736574
    InvertedGenerationalDistance: 26.067827572739493
    AdditiveEpsilonIndicator: 24.578326150945905
    MaximumParetoFrontError: 29.252641687770808
    Spacing: 5828.382918583749
    Contribution: 0.0
    R1Indicator: 0.0
    R2Indicator: 879355.2720064281
    R3Indicator: 995636.8471189606
KRRGZ:
    Hypervolume: 0.0
    GenerationalDistance: 0.7150484707694647
    InvertedGenerationalDistance: 2.110026138876601
    AdditiveEpsilonIndicator: 2.1370357624872844
    MaximumParetoFrontError: 3.2750149785714004
    Spacing: 16224.528052234395
    Contribution: 0.0
    R1Indicator: 0.0
    R2Indicator: 336282.13985751406
    R3Indicator: 380750.52819336153
