NSGAIIITA:
    Hypervolume: 0.7974023348256065
    GenerationalDistance: 0.0
    InvertedGenerationalDistance: 0.0
    AdditiveEpsilonIndicator: 0.0
    MaximumParetoFrontError: 0.0
    Spacing: 911.2972135401595
    Contribution: 1.0
    R1Indicator: 0.0
    R2Indicator: 325664.4543797389
    R3Indicator: 361138.71117951086
RS:
    Hypervolume: 0.0
    GenerationalDistance: 9.541999280275046
    InvertedGenerationalDistance: 20.545584427682442
    AdditiveEpsilonIndicator: 16.479789912211203
    MaximumParetoFrontError: 21.946311913810725
    Spacing: 40480.67923067448
    Contribution: 0.0
    R1Indicator: 0.0
    R2Indicator: 948455.4811242501
    R3Indicator: 1051768.6020849298
KRRGZ:
    Hypervolume: 0.0
    GenerationalDistance: 0.6394685961960481
    InvertedGenerationalDistance: 2.0975162360910877
    AdditiveEpsilonIndicator: 1.7621020873711166
    MaximumParetoFrontError: 4.507036702660935
    Spacing: 30904.1392562021
    Contribution: 0.0
    R1Indicator: 0.0
    R2Indicator: 386683.04793486284
    R3Indicator: 428803.90984942485
