NSGAIIITA:
    Hypervolume: 0.6884860937741791
    GenerationalDistance: 5.440263770568514E-5
    InvertedGenerationalDistance: 7.970015138513065E-4
    AdditiveEpsilonIndicator: 0.008740099441789051
    MaximumParetoFrontError: 0.010776303129754366
    Spacing: 52.65555096403349
    Contribution: 0.9144893111638955
    R1Indicator: 0.0
    R2Indicator: 42923.05490306935
    R3Indicator: 49451.85597537884
RS:
    Hypervolume: 0.0
    GenerationalDistance: 0.35905587027276514
    InvertedGenerationalDistance: 1.1526500300525497
    AdditiveEpsilonIndicator: 1.406891256905461
    MaximumParetoFrontError: 1.5548375851008538
    Spacing: 3772.364283991821
    Contribution: 0.0
    R1Indicator: 0.0
    R2Indicator: 53751.67333621492
    R3Indicator: 61927.593406615226
KRRGZ:
    Hypervolume: 0.6823800239443671
    GenerationalDistance: 2.873511048720547E-4
    InvertedGenerationalDistance: 0.0041781494081397285
    AdditiveEpsilonIndicator: 0.02201318281566267
    MaximumParetoFrontError: 0.04283389704685048
    Spacing: 31.47985653685465
    Contribution: 0.0855106888361045
    R1Indicator: 0.0
    R2Indicator: 43018.40197300526
    R3Indicator: 49561.70637081548
