RS:
    Hypervolume: 0.0
    GenerationalDistance: 4.472661792042839
    InvertedGenerationalDistance: 6.443471698077539
    AdditiveEpsilonIndicator: 6.870281363331101
    MaximumParetoFrontError: 6.737095554312756
    Spacing: 0.0
    Contribution: 0.0
    R1Indicator: 0.0
    R2Indicator: 8668.57301720533
    R3Indicator: 10208.904830154295
NSGAIIITAGLS:
    Hypervolume: 0.5075525024126907
    GenerationalDistance: 0.005666093029347914
    InvertedGenerationalDistance: 0.0674564377427784
    AdditiveEpsilonIndicator: 0.06892378422757678
    MaximumParetoFrontError: 0.26801267318360167
    Spacing: 4.435616509463006
    Contribution: 0.0
    R1Indicator: 0.0
    R2Indicator: 5702.713500681817
    R3Indicator: 6716.0351518816115
KRRGZ:
    Hypervolume: 0.6019611879918607
    GenerationalDistance: 0.0
    InvertedGenerationalDistance: 0.0
    AdditiveEpsilonIndicator: 0.0
    MaximumParetoFrontError: 0.0
    Spacing: 2.224892643382882
    Contribution: 1.0
    R1Indicator: 0.0
    R2Indicator: 5700.948319913087
    R3Indicator: 6713.956644677107
