NSGAIIITA:
    Hypervolume: 0.7622489852764226
    GenerationalDistance: 3.225701330702972E-5
    InvertedGenerationalDistance: 7.927069278667142E-4
    AdditiveEpsilonIndicator: 0.008308200459266724
    MaximumParetoFrontError: 0.00959700299772527
    Spacing: 51.4286690928128
    Contribution: 0.9659863945578231
    R1Indicator: 0.0
    R2Indicator: 77122.00381202385
    R3Indicator: 86829.79543712805
RS:
    Hypervolume: 0.0
    GenerationalDistance: 0.2602734820326982
    InvertedGenerationalDistance: 1.1443134121641019
    AdditiveEpsilonIndicator: 1.395851683009156
    MaximumParetoFrontError: 0.7877096234802566
    Spacing: 1531.9015822458962
    Contribution: 0.0
    R1Indicator: 0.0
    R2Indicator: 99911.19109392942
    R3Indicator: 112487.61879477775
KRRGZ:
    Hypervolume: 0.7336251327804777
    GenerationalDistance: 0.0012789088838872748
    InvertedGenerationalDistance: 0.020578106900126153
    AdditiveEpsilonIndicator: 0.06102227985803319
    MaximumParetoFrontError: 0.039176892582626154
    Spacing: 102.09283441503581
    Contribution: 0.034013605442176874
    R1Indicator: 0.0
    R2Indicator: 78118.24682232147
    R3Indicator: 87951.44615649358
