NSGAIIITA:
    Hypervolume: 0.8411935721571945
    GenerationalDistance: 0.0
    InvertedGenerationalDistance: 0.0
    AdditiveEpsilonIndicator: 0.0
    MaximumParetoFrontError: 0.0
    Spacing: 919.6906821369663
    Contribution: 1.0
    R1Indicator: 0.0
    R2Indicator: 212925.72406581315
    R3Indicator: 233326.65270943422
RS:
    Hypervolume: 0.0
    GenerationalDistance: 7.081663350073787
    InvertedGenerationalDistance: 13.173041464100251
    AdditiveEpsilonIndicator: 12.814227503982314
    MaximumParetoFrontError: 15.018601454633007
    Spacing: 41460.81794901859
    Contribution: 0.0
    R1Indicator: 0.0
    R2Indicator: 565726.2207414568
    R3Indicator: 619929.6880601003
KRRGZ:
    Hypervolume: 0.03647247572544173
    GenerationalDistance: 0.19743816988267163
    InvertedGenerationalDistance: 0.7026496296321793
    AdditiveEpsilonIndicator: 0.7286309384877859
    MaximumParetoFrontError: 1.2211687530493747
    Spacing: 4401.3507016057865
    Contribution: 0.0
    R1Indicator: 0.0
    R2Indicator: 232986.35444294996
    R3Indicator: 255309.3322674828
