NSGAIIITA:
    Hypervolume: 0.9383268089915462
    GenerationalDistance: 0.0
    InvertedGenerationalDistance: 0.0
    AdditiveEpsilonIndicator: 0.0
    MaximumParetoFrontError: 0.0
    Spacing: 12310.375793807307
    Contribution: 1.0
    R1Indicator: 0.0
    R2Indicator: 327592.9660820227
    R3Indicator: 346923.7395835347
RS:
    Hypervolume: 0.0
    GenerationalDistance: 5.794756517199418
    InvertedGenerationalDistance: 12.946803019800939
    AdditiveEpsilonIndicator: 11.44413698884722
    MaximumParetoFrontError: 13.77529560912429
    Spacing: 6292.075527792492
    Contribution: 0.0
    R1Indicator: 0.0
    R2Indicator: 983217.022802701
    R3Indicator: 1041234.6816406085
KRRGZ:
    Hypervolume: 0.0
    GenerationalDistance: 0.21578629641428476
    InvertedGenerationalDistance: 1.1187479855540896
    AdditiveEpsilonIndicator: 0.8973495813178305
    MaximumParetoFrontError: 1.406216394373818
    Spacing: 7415.469052662293
    Contribution: 0.0
    R1Indicator: 0.0
    R2Indicator: 379001.26690885396
    R3Indicator: 401365.5290021748
