NSGAIIITA:
    Hypervolume: 0.8696597435713844
    GenerationalDistance: 0.0
    InvertedGenerationalDistance: 0.0
    AdditiveEpsilonIndicator: 0.0
    MaximumParetoFrontError: 0.0
    Spacing: 871.4550088208347
    Contribution: 1.0
    R1Indicator: 0.0
    R2Indicator: 206329.77829944732
    R3Indicator: 223641.24523861788
RS:
    Hypervolume: 0.0
    GenerationalDistance: 5.2853386947880985
    InvertedGenerationalDistance: 6.448089068659302
    AdditiveEpsilonIndicator: 6.369308965385558
    MaximumParetoFrontError: 12.077501270311632
    Spacing: 39259.478550905405
    Contribution: 0.0
    R1Indicator: 0.0
    R2Indicator: 429431.0503867815
    R3Indicator: 465460.9973457786
KRRGZ:
    Hypervolume: 0.2406477883660147
    GenerationalDistance: 0.07686792034966765
    InvertedGenerationalDistance: 0.4941099012033697
    AdditiveEpsilonIndicator: 0.5334960009152324
    MaximumParetoFrontError: 0.5671007734855928
    Spacing: 1101.4212842264567
    Contribution: 0.0
    R1Indicator: 0.0
    R2Indicator: 225016.8098244448
    R3Indicator: 243896.14453290912
