NSGAIIITA:
    Hypervolume: 0.5809682527425869
    GenerationalDistance: 6.033219754523897E-4
    InvertedGenerationalDistance: 0.00247862224371573
    AdditiveEpsilonIndicator: 0.015997498932328248
    MaximumParetoFrontError: 0.06620322641361942
    Spacing: 3.1423990638597834
    Contribution: 0.6647727272727273
    R1Indicator: 0.0
    R2Indicator: 5700.356386130886
    R3Indicator: 6752.281196376071
RS:
    Hypervolume: 0.0
    GenerationalDistance: 4.825638030851118
    InvertedGenerationalDistance: 8.821429873033688
    AdditiveEpsilonIndicator: 9.256609925284902
    MaximumParetoFrontError: 11.83351864278618
    Spacing: 1006.6648735484365
    Contribution: 0.0
    R1Indicator: 0.0
    R2Indicator: 9408.50604245178
    R3Indicator: 11144.72657950847
KRRGZ:
    Hypervolume: 0.5797640867587901
    GenerationalDistance: 3.06230042182895E-4
    InvertedGenerationalDistance: 0.0021791564612520576
    AdditiveEpsilonIndicator: 0.015009678197567267
    MaximumParetoFrontError: 0.014968834319850213
    Spacing: 1.8084427430510468
    Contribution: 0.3522727272727273
    R1Indicator: 0.0
    R2Indicator: 5700.418628317166
    R3Indicator: 6752.354921054072
