NSGAIIITA:
    Hypervolume: 0.740981507760061
    GenerationalDistance: 5.024129024962989E-5
    InvertedGenerationalDistance: 8.448443232655738E-4
    AdditiveEpsilonIndicator: 0.008539503406164328
    MaximumParetoFrontError: 0.01113518422578454
    Spacing: 49.61259021950321
    Contribution: 0.757455268389662
    R1Indicator: 0.0
    R2Indicator: 42528.07965448577
    R3Indicator: 48252.70423050795
RS:
    Hypervolume: 0.0
    GenerationalDistance: 0.29457785618146065
    InvertedGenerationalDistance: 1.0162752614670771
    AdditiveEpsilonIndicator: 1.24895355392104
    MaximumParetoFrontError: 1.3380331598430784
    Spacing: 1303.1019295610806
    Contribution: 0.0
    R1Indicator: 0.0
    R2Indicator: 52890.60257488917
    R3Indicator: 60010.142248566255
KRRGZ:
    Hypervolume: 0.737733229235084
    GenerationalDistance: 1.3696279454741627E-4
    InvertedGenerationalDistance: 0.0019224731321385495
    AdditiveEpsilonIndicator: 0.02200910122060952
    MaximumParetoFrontError: 0.030064880500329134
    Spacing: 42.12874438528071
    Contribution: 0.24254473161033796
    R1Indicator: 0.0
    R2Indicator: 42710.669595853586
    R3Indicator: 48459.87526287853
