NSGAIIITA:
    Hypervolume: 0.8935954088445217
    GenerationalDistance: 0.0
    InvertedGenerationalDistance: 0.0
    AdditiveEpsilonIndicator: 0.0
    MaximumParetoFrontError: 0.0
    Spacing: 1837.4257571017529
    Contribution: 1.0
    R1Indicator: 0.0
    R2Indicator: 215898.11131877065
    R3Indicator: 232050.4893817473
RS:
    Hypervolume: 0.0
    GenerationalDistance: 5.111524491698636
    InvertedGenerationalDistance: 8.977000186729795
    AdditiveEpsilonIndicator: 8.181806570000198
    MaximumParetoFrontError: 13.101102054236618
    Spacing: 119886.8257685275
    Contribution: 0.0
    R1Indicator: 0.0
    R2Indicator: 555581.3341674536
    R3Indicator: 597146.8964892648
KRRGZ:
    Hypervolume: 0.34196611311656666
    GenerationalDistance: 0.11929230738925824
    InvertedGenerationalDistance: 0.40203706684855844
    AdditiveEpsilonIndicator: 0.5157767752317954
    MaximumParetoFrontError: 0.7107410530881676
    Spacing: 2750.0020181319924
    Contribution: 0.0
    R1Indicator: 0.0
    R2Indicator: 237311.51314466013
    R3Indicator: 255065.92492824447
