NSGAIIITA:
    Hypervolume: 0.7587537977106026
    GenerationalDistance: 0.0
    InvertedGenerationalDistance: 0.0
    AdditiveEpsilonIndicator: 0.0
    MaximumParetoFrontError: 0.0
    Spacing: 503.27566615446403
    Contribution: 1.0
    R1Indicator: 0.0
    R2Indicator: 286910.2253391909
    R3Indicator: 319563.71489432006
RS:
    Hypervolume: 0.0
    GenerationalDistance: 13.56873850924445
    InvertedGenerationalDistance: 39.23957175553678
    AdditiveEpsilonIndicator: 36.48082168280905
    MaximumParetoFrontError: 52.607548382826764
    Spacing: 53487.756292121114
    Contribution: 0.0
    R1Indicator: 0.0
    R2Indicator: 869367.7987205635
    R3Indicator: 968310.7646170971
KRRGZ:
    Hypervolume: 0.0
    GenerationalDistance: 0.9319205465483474
    InvertedGenerationalDistance: 3.2393212503524222
    AdditiveEpsilonIndicator: 2.8387003441162992
    MaximumParetoFrontError: 5.802264906073377
    Spacing: 5774.141785568303
    Contribution: 0.0
    R1Indicator: 0.0
    R2Indicator: 332233.4018201831
    R3Indicator: 370045.1073320017
