NSGAIIITA:
    Hypervolume: 0.7360359377499223
    GenerationalDistance: 1.0875386926785576E-4
    InvertedGenerationalDistance: 0.003017061667538222
    AdditiveEpsilonIndicator: 0.023045129033564822
    MaximumParetoFrontError: 0.02884242686576255
    Spacing: 36.21034710810799
    Contribution: 0.8527315914489311
    R1Indicator: 0.0
    R2Indicator: 42819.245123514964
    R3Indicator: 48617.99211348572
RS:
    Hypervolume: 0.0
    GenerationalDistance: 0.34671652470436515
    InvertedGenerationalDistance: 1.076628639129448
    AdditiveEpsilonIndicator: 1.371324098234553
    MaximumParetoFrontError: 1.0879084692610814
    Spacing: 986.1397087208809
    Contribution: 0.0
    R1Indicator: 0.0
    R2Indicator: 53349.001093625666
    R3Indicator: 60573.75860129652
KRRGZ:
    Hypervolume: 0.7347798645581293
    GenerationalDistance: 2.006735407572814E-4
    InvertedGenerationalDistance: 0.0031931244583060384
    AdditiveEpsilonIndicator: 0.009507905960586593
    MaximumParetoFrontError: 0.013162219509219806
    Spacing: 34.22543151432423
    Contribution: 0.14726840855106887
    R1Indicator: 0.0
    R2Indicator: 42639.295650979075
    R3Indicator: 48413.669127190355
