NSGAIIITA:
    Hypervolume: 0.7926861496788506
    GenerationalDistance: 0.0
    InvertedGenerationalDistance: 0.0
    AdditiveEpsilonIndicator: 0.0
    MaximumParetoFrontError: 0.0
    Spacing: 469.7362365776885
    Contribution: 1.0
    R1Indicator: 0.0
    R2Indicator: 186309.26723552652
    R3Indicator: 206575.49672161287
RS:
    Hypervolume: 0.0
    GenerationalDistance: 1.3971187737141415
    InvertedGenerationalDistance: 3.0772159814693
    AdditiveEpsilonIndicator: 3.059111918179934
    MaximumParetoFrontError: 3.7164983361996953
    Spacing: 24247.432218086935
    Contribution: 0.0
    R1Indicator: 0.0
    R2Indicator: 299124.6991724954
    R3Indicator: 331662.57626033755
KRRGZ:
    Hypervolume: 0.5900598027550827
    GenerationalDistance: 0.017773010880355267
    InvertedGenerationalDistance: 0.1494425197408575
    AdditiveEpsilonIndicator: 0.17407977375942693
    MaximumParetoFrontError: 0.3422289347499477
    Spacing: 344.25194389777937
    Contribution: 0.0
    R1Indicator: 0.0
    R2Indicator: 190310.9059545326
    R3Indicator: 211012.4152675717
