NSGAIIITA:
    Hypervolume: 0.7468301922042487
    GenerationalDistance: 0.0
    InvertedGenerationalDistance: 4.70064897934287E-4
    AdditiveEpsilonIndicator: 0.00590966763626837
    MaximumParetoFrontError: 0.0
    Spacing: 63.437146935254674
    Contribution: 0.9722863741339491
    R1Indicator: 0.0
    R2Indicator: 77339.53453687632
    R3Indicator: 87384.61650875093
RS:
    Hypervolume: 0.0
    GenerationalDistance: 0.28947427593719727
    InvertedGenerationalDistance: 1.1773316795011768
    AdditiveEpsilonIndicator: 1.4223383797883151
    MaximumParetoFrontError: 1.11236966621701
    Spacing: 1822.3750228252302
    Contribution: 0.0
    R1Indicator: 0.0
    R2Indicator: 98806.22499941301
    R3Indicator: 111639.49195487736
KRRGZ:
    Hypervolume: 0.7158781173622928
    GenerationalDistance: 0.0014500170343721887
    InvertedGenerationalDistance: 0.023056396349116205
    AdditiveEpsilonIndicator: 0.0429617034435765
    MaximumParetoFrontError: 0.045703123594039496
    Spacing: 99.35222526900486
    Contribution: 0.02771362586605081
    R1Indicator: 0.0
    R2Indicator: 77987.92529962638
    R3Indicator: 88117.22430701982
