NSGAIIITA:
    Hypervolume: 0.7337426693191996
    GenerationalDistance: 5.446727323205656E-4
    InvertedGenerationalDistance: 0.0012273787313965459
    AdditiveEpsilonIndicator: 0.012283556607514377
    MaximumParetoFrontError: 0.14171138532342997
    Spacing: 62.72854737938187
    Contribution: 0.8237986270022883
    R1Indicator: 0.0
    R2Indicator: 42539.27963460281
    R3Indicator: 48383.50585398222
RS:
    Hypervolume: 0.0
    GenerationalDistance: 0.24473613156354118
    InvertedGenerationalDistance: 0.9610240661518118
    AdditiveEpsilonIndicator: 1.2703043697056742
    MaximumParetoFrontError: 1.2936742209430923
    Spacing: 1688.6085681474221
    Contribution: 0.0
    R1Indicator: 0.0
    R2Indicator: 52710.46196996359
    R3Indicator: 59952.0820962795
KRRGZ:
    Hypervolume: 0.7192695786536514
    GenerationalDistance: 1.4252063752475758E-4
    InvertedGenerationalDistance: 0.008758850085192858
    AdditiveEpsilonIndicator: 0.07555511330948023
    MaximumParetoFrontError: 0.01449842603946444
    Spacing: 29.502815552199824
    Contribution: 0.17620137299771166
    R1Indicator: 0.0
    R2Indicator: 43144.18833163292
    R3Indicator: 49071.52834818198
