NSGAIIITA:
    Hypervolume: 0.7365299653246948
    GenerationalDistance: 0.0
    InvertedGenerationalDistance: 0.0
    AdditiveEpsilonIndicator: 0.0
    MaximumParetoFrontError: 0.0
    Spacing: 1272.4504865626757
    Contribution: 1.0
    R1Indicator: 0.0
    R2Indicator: 325301.3653663934
    R3Indicator: 364922.4189232255
RS:
    Hypervolume: 0.0
    GenerationalDistance: 18.58976769970885
    InvertedGenerationalDistance: 25.676324178317305
    AdditiveEpsilonIndicator: 22.712401060155752
    MaximumParetoFrontError: 27.263657627873588
    Spacing: 0.0
    Contribution: 0.0
    R1Indicator: 0.0
    R2Indicator: 985963.8567366254
    R3Indicator: 1106051.4309705936
KRRGZ:
    Hypervolume: 0.0
    GenerationalDistance: 0.7319286880049934
    InvertedGenerationalDistance: 3.1054173797056284
    AdditiveEpsilonIndicator: 2.4609170139957293
    MaximumParetoFrontError: 3.9955878435132366
    Spacing: 4427.81938730941
    Contribution: 0.0
    R1Indicator: 0.0
    R2Indicator: 392227.21954639413
    R3Indicator: 439999.6212014709
