NSGAIIITA:
    Hypervolume: 0.8433552923309328
    GenerationalDistance: 0.0
    InvertedGenerationalDistance: 0.0
    AdditiveEpsilonIndicator: 0.0
    MaximumParetoFrontError: 0.0
    Spacing: 424.6333854084411
    Contribution: 1.0
    R1Indicator: 0.0
    R2Indicator: 214893.06250598628
    R3Indicator: 234455.42121165848
RS:
    Hypervolume: 0.0
    GenerationalDistance: 10.372709049731926
    InvertedGenerationalDistance: 14.609643724934656
    AdditiveEpsilonIndicator: 14.558185883185663
    MaximumParetoFrontError: 15.262396644146433
    Spacing: 0.0
    Contribution: 0.0
    R1Indicator: 0.0
    R2Indicator: 579068.6869914429
    R3Indicator: 631782.8843085408
KRRGZ:
    Hypervolume: 0.002482971474693953
    GenerationalDistance: 0.15081583829972517
    InvertedGenerationalDistance: 0.8015850200498918
    AdditiveEpsilonIndicator: 0.9722161448097073
    MaximumParetoFrontError: 1.3301707725619905
    Spacing: 6680.109447088866
    Contribution: 0.0
    R1Indicator: 0.0
    R2Indicator: 239213.2152089042
    R3Indicator: 260989.50036027285
