NSGAIIITA:
    Hypervolume: 0.7767810742229333
    GenerationalDistance: 0.0
    InvertedGenerationalDistance: 0.0
    AdditiveEpsilonIndicator: 0.0
    MaximumParetoFrontError: 0.0
    Spacing: 1112.9168718855908
    Contribution: 1.0
    R1Indicator: 0.0
    R2Indicator: 209506.3725115326
    R3Indicator: 234762.02494019334
RS:
    Hypervolume: 0.0
    GenerationalDistance: 6.9281607058935055
    InvertedGenerationalDistance: 13.466699608702445
    AdditiveEpsilonIndicator: 11.742996408456078
    MaximumParetoFrontError: 14.25959506705034
    Spacing: 20174.296237160466
    Contribution: 0.0
    R1Indicator: 0.0
    R2Indicator: 452099.7800387002
    R3Indicator: 506599.4515316963
KRRGZ:
    Hypervolume: 0.0
    GenerationalDistance: 0.24404062544500196
    InvertedGenerationalDistance: 0.9427802111485709
    AdditiveEpsilonIndicator: 0.9237383884235395
    MaximumParetoFrontError: 1.8170055573073498
    Spacing: 7742.256627269094
    Contribution: 0.0
    R1Indicator: 0.0
    R2Indicator: 225898.44463110407
    R3Indicator: 253130.12188173286
