NSGAIIITA:
    Hypervolume: 0.5745365839071935
    GenerationalDistance: 2.0935468274748775E-4
    InvertedGenerationalDistance: 0.0012196753667248201
    AdditiveEpsilonIndicator: 0.013223612975371224
    MaximumParetoFrontError: 0.014470450391833936
    Spacing: 2.96021592943846
    Contribution: 0.7180851063829787
    R1Indicator: 0.0
    R2Indicator: 5700.355027000046
    R3Indicator: 6761.827718353709
RS:
    Hypervolume: 0.0
    GenerationalDistance: 6.140836236587627
    InvertedGenerationalDistance: 8.917766741289002
    AdditiveEpsilonIndicator: 9.37352471699455
    MaximumParetoFrontError: 8.972898240011832
    Spacing: 0.0
    Contribution: 0.0
    R1Indicator: 0.0
    R2Indicator: 9397.634454271947
    R3Indicator: 11147.590191754862
KRRGZ:
    Hypervolume: 0.5682040037898437
    GenerationalDistance: 0.003074978588057315
    InvertedGenerationalDistance: 0.0048606751194260325
    AdditiveEpsilonIndicator: 0.04001789795982221
    MaximumParetoFrontError: 0.23847098506128828
    Spacing: 3.084547313690958
    Contribution: 0.4946808510638298
    R1Indicator: 0.0
    R2Indicator: 5700.355296814985
    R3Indicator: 6761.8279887093595
