NSGAIIITA:
    Hypervolume: 0.8278423041219025
    GenerationalDistance: 0.0
    InvertedGenerationalDistance: 0.0
    AdditiveEpsilonIndicator: 0.0
    MaximumParetoFrontError: 0.0
    Spacing: 374.54759282324267
    Contribution: 1.0
    R1Indicator: 0.0
    R2Indicator: 185572.06119670992
    R3Indicator: 203775.9963564853
RS:
    Hypervolume: 0.0
    GenerationalDistance: 1.53531435102206
    InvertedGenerationalDistance: 3.554670643354829
    AdditiveEpsilonIndicator: 3.7679878858723215
    MaximumParetoFrontError: 5.165374786434994
    Spacing: 28938.400728280845
    Contribution: 0.0
    R1Indicator: 0.0
    R2Indicator: 307602.1813665413
    R3Indicator: 337776.730125953
KRRGZ:
    Hypervolume: 0.6090200814399988
    GenerationalDistance: 0.020309133882524706
    InvertedGenerationalDistance: 0.14396207337622935
    AdditiveEpsilonIndicator: 0.15857488652639962
    MaximumParetoFrontError: 0.22509777642669965
    Spacing: 869.4499021283997
    Contribution: 0.0
    R1Indicator: 0.0
    R2Indicator: 188294.87201831248
    R3Indicator: 206765.89587657293
