NSGAIIITA:
    Hypervolume: 0.8019604537115154
    GenerationalDistance: 0.0
    InvertedGenerationalDistance: 0.0
    AdditiveEpsilonIndicator: 0.0
    MaximumParetoFrontError: 0.0
    Spacing: 293.6979062564289
    Contribution: 1.0
    R1Indicator: 0.0
    R2Indicator: 184914.67132084182
    R3Indicator: 204539.75541968542
RS:
    Hypervolume: 0.0
    GenerationalDistance: 1.512328831511191
    InvertedGenerationalDistance: 3.4560291346613963
    AdditiveEpsilonIndicator: 3.7516849110104094
    MaximumParetoFrontError: 4.949879655253592
    Spacing: 13127.438633830918
    Contribution: 0.0
    R1Indicator: 0.0
    R2Indicator: 294066.1450291443
    R3Indicator: 325275.4509874576
KRRGZ:
    Hypervolume: 0.531681081022575
    GenerationalDistance: 0.02597133998283897
    InvertedGenerationalDistance: 0.17711715239895706
    AdditiveEpsilonIndicator: 0.1996897486035782
    MaximumParetoFrontError: 0.48850605919180856
    Spacing: 674.1532568303362
    Contribution: 0.0
    R1Indicator: 0.0
    R2Indicator: 190307.1439836813
    R3Indicator: 210504.53156107847
