NSGAIIITA:
    Hypervolume: 0.8956109714666579
    GenerationalDistance: 0.0
    InvertedGenerationalDistance: 0.001898288924775733
    AdditiveEpsilonIndicator: 6.052095923704884E-4
    MaximumParetoFrontError: 0.0
    Spacing: 188.10376932172184
    Contribution: 0.9939393939393939
    R1Indicator: 0.0
    R2Indicator: 128894.66556413421
    R3Indicator: 138542.37195462442
RS:
    Hypervolume: 0.0
    GenerationalDistance: 0.7059789183643294
    InvertedGenerationalDistance: 2.1812299161343245
    AdditiveEpsilonIndicator: 2.20633671830792
    MaximumParetoFrontError: 2.418681957446394
    Spacing: 10122.841389323808
    Contribution: 0.0
    R1Indicator: 0.0
    R2Indicator: 213261.9771110802
    R3Indicator: 229224.51629680337
KRRGZ:
    Hypervolume: 0.7433864979063801
    GenerationalDistance: 0.017413871510201046
    InvertedGenerationalDistance: 0.11369323880550668
    AdditiveEpsilonIndicator: 0.13031825609469855
    MaximumParetoFrontError: 0.5260587836655372
    Spacing: 506.63578618890136
    Contribution: 0.006060606060606061
    R1Indicator: 0.0
    R2Indicator: 131446.68995084325
    R3Indicator: 141285.4125744508
