NSGAIIITA:
    Hypervolume: 0.8459310977409158
    GenerationalDistance: 0.0
    InvertedGenerationalDistance: 0.0
    AdditiveEpsilonIndicator: 0.0
    MaximumParetoFrontError: 0.0
    Spacing: 1258.781921182613
    Contribution: 1.0
    R1Indicator: 0.0
    R2Indicator: 212737.36324199816
    R3Indicator: 232839.62880856756
RS:
    Hypervolume: 0.0
    GenerationalDistance: 10.875389232351202
    InvertedGenerationalDistance: 14.822828281096799
    AdditiveEpsilonIndicator: 14.83229330469196
    MaximumParetoFrontError: 16.499011560619177
    Spacing: 0.0
    Contribution: 0.0
    R1Indicator: 0.0
    R2Indicator: 562037.3963912298
    R3Indicator: 615146.0602167663
KRRGZ:
    Hypervolume: 0.025565034817131013
    GenerationalDistance: 0.22824674484124652
    InvertedGenerationalDistance: 0.7865284991500685
    AdditiveEpsilonIndicator: 0.9288507282765113
    MaximumParetoFrontError: 1.5549131617235674
    Spacing: 2789.3492613161625
    Contribution: 0.0
    R1Indicator: 0.0
    R2Indicator: 234611.74061439777
    R3Indicator: 256780.98371645925
