NSGAIIITA:
    Hypervolume: 0.8315328029403907
    GenerationalDistance: 0.0
    InvertedGenerationalDistance: 0.0
    AdditiveEpsilonIndicator: 0.0
    MaximumParetoFrontError: 0.0
    Spacing: 155.4487371864465
    Contribution: 1.0
    R1Indicator: 0.0
    R2Indicator: 125247.37983055467
    R3Indicator: 137618.30300869225
RS:
    Hypervolume: 0.0
    GenerationalDistance: 2.047358085707452
    InvertedGenerationalDistance: 3.302694521067211
    AdditiveEpsilonIndicator: 3.6007408140540447
    MaximumParetoFrontError: 4.752869292714308
    Spacing: 49906.413149372034
    Contribution: 0.0
    R1Indicator: 0.0
    R2Indicator: 218128.88310851826
    R3Indicator: 239673.86905554475
KRRGZ:
    Hypervolume: 0.6338566576900115
    GenerationalDistance: 0.015095021937385475
    InvertedGenerationalDistance: 0.13118824686087574
    AdditiveEpsilonIndicator: 0.2146138254143407
    MaximumParetoFrontError: 0.2666973566427115
    Spacing: 405.8860006655844
    Contribution: 0.0
    R1Indicator: 0.0
    R2Indicator: 130783.306810604
    R3Indicator: 143701.02870674903
