NSGAIIITA:
    Hypervolume: 0.8419185438921191
    GenerationalDistance: 0.0
    InvertedGenerationalDistance: 0.0
    AdditiveEpsilonIndicator: 0.0
    MaximumParetoFrontError: 0.0
    Spacing: 617.587494033436
    Contribution: 1.0
    R1Indicator: 0.0
    R2Indicator: 205261.7318768072
    R3Indicator: 223319.37808762988
RS:
    Hypervolume: 0.0
    GenerationalDistance: 3.552531198270304
    InvertedGenerationalDistance: 7.349292743776236
    AdditiveEpsilonIndicator: 7.278471006415413
    MaximumParetoFrontError: 9.322041138767295
    Spacing: 29206.35442469563
    Contribution: 0.0
    R1Indicator: 0.0
    R2Indicator: 464713.1359844876
    R3Indicator: 505595.5387478198
KRRGZ:
    Hypervolume: 0.16062389907541022
    GenerationalDistance: 0.09434762634941694
    InvertedGenerationalDistance: 0.5593146597418006
    AdditiveEpsilonIndicator: 0.6786174655979561
    MaximumParetoFrontError: 0.7030690180915462
    Spacing: 5470.630706469975
    Contribution: 0.0
    R1Indicator: 0.0
    R2Indicator: 229451.94102202324
    R3Indicator: 249637.68230444798
