RS:
    Hypervolume: 0.0
    GenerationalDistance: 0.21266016695361992
    InvertedGenerationalDistance: 0.9759360477065768
    AdditiveEpsilonIndicator: 1.2744014676811972
    MaximumParetoFrontError: 1.3934374742074314
    Spacing: 3054.7366633216884
    Contribution: 0.0
    R1Indicator: 0.0
    R2Indicator: 98106.61715558602
    R3Indicator: 110575.58655670083
NSGAIIITAGLS:
    Hypervolume: 0.5466972532269011
    GenerationalDistance: 0.008236669156385618
    InvertedGenerationalDistance: 0.19321091943144503
    AdditiveEpsilonIndicator: 0.3964596530512851
    MaximumParetoFrontError: 0.19225423945199083
    Spacing: 381.1625439924302
    Contribution: 0.011194029850746268
    R1Indicator: 0.0
    R2Indicator: 84030.95647959132
    R3Indicator: 94710.96800642925
KRRGZ:
    Hypervolume: 0.754796966340735
    GenerationalDistance: 1.4048124070756632E-5
    InvertedGenerationalDistance: 5.908484547051703E-5
    AdditiveEpsilonIndicator: 0.00509562336916336
    MaximumParetoFrontError: 0.003736801002821264
    Spacing: 74.89942023519208
    Contribution: 0.9888059701492538
    R1Indicator: 0.0
    R2Indicator: 77674.87302518783
    R3Indicator: 87547.03011837002
