NSGAIIITA:
    Hypervolume: 0.8074224237624521
    GenerationalDistance: 0.0
    InvertedGenerationalDistance: 0.0
    AdditiveEpsilonIndicator: 0.0
    MaximumParetoFrontError: 0.0
    Spacing: 678.7880418343386
    Contribution: 1.0
    R1Indicator: 0.0
    R2Indicator: 286709.9979022238
    R3Indicator: 316715.9389502673
RS:
    Hypervolume: 0.0
    GenerationalDistance: 14.134711754258406
    InvertedGenerationalDistance: 22.653888155411106
    AdditiveEpsilonIndicator: 20.936011255269115
    MaximumParetoFrontError: 31.54444174783146
    Spacing: 120239.20598422141
    Contribution: 0.0
    R1Indicator: 0.0
    R2Indicator: 809507.3501225458
    R3Indicator: 894226.7907198668
KRRGZ:
    Hypervolume: 0.0
    GenerationalDistance: 0.7944417467872931
    InvertedGenerationalDistance: 2.056350897329348
    AdditiveEpsilonIndicator: 1.9711042157698848
    MaximumParetoFrontError: 3.0257519964174517
    Spacing: 8748.619839320774
    Contribution: 0.0
    R1Indicator: 0.0
    R2Indicator: 335930.7557042771
    R3Indicator: 371087.91714523383
