NSGAIIITA:
    Hypervolume: 0.6792131187823723
    GenerationalDistance: 6.346830188470927E-4
    InvertedGenerationalDistance: 9.589874826102472E-4
    AdditiveEpsilonIndicator: 0.011872779916482456
    MaximumParetoFrontError: 0.15942037086531924
    Spacing: 50.81422729059109
    Contribution: 0.7953488372093023
    R1Indicator: 0.0
    R2Indicator: 42845.35956588602
    R3Indicator: 49494.02615461779
RS:
    Hypervolume: 0.0
    GenerationalDistance: 0.22377046422440305
    InvertedGenerationalDistance: 0.9498718903787848
    AdditiveEpsilonIndicator: 1.2397933192110304
    MaximumParetoFrontError: 1.072106021793956
    Spacing: 606.2048462847854
    Contribution: 0.0
    R1Indicator: 0.0
    R2Indicator: 52226.11544396263
    R3Indicator: 60330.50199641833
KRRGZ:
    Hypervolume: 0.6751834766479649
    GenerationalDistance: 2.2802387512592303E-4
    InvertedGenerationalDistance: 0.0032328509855377324
    AdditiveEpsilonIndicator: 0.03241539509172994
    MaximumParetoFrontError: 0.0236602529296831
    Spacing: 32.42267112206351
    Contribution: 0.20465116279069767
    R1Indicator: 0.0
    R2Indicator: 43090.61122874364
    R3Indicator: 49777.33869831712
