NSGAIIITA:
    Hypervolume: 0.0
    GenerationalDistance: 0.46023783544002816
    InvertedGenerationalDistance: 0.9552479455635983
    AdditiveEpsilonIndicator: 1.299006541645022
    MaximumParetoFrontError: 2.969000474198267
    Spacing: 11878.203580534917
    Contribution: 0.0
    R1Indicator: 0.0
    R2Indicator: 162317.9159816797
    R3Indicator: 180129.57786450416
RS:
    Hypervolume: 0.0
    GenerationalDistance: 1.2623129334701333
    InvertedGenerationalDistance: 2.683086489090455
    AdditiveEpsilonIndicator: 3.0540975162343327
    MaximumParetoFrontError: 3.146387837899072
    Spacing: 10822.00324557215
    Contribution: 0.0
    R1Indicator: 0.0
    R2Indicator: 206483.81056959712
    R3Indicator: 229141.92589234555
KRRGZ:
    Hypervolume: 0.7845480166962127
    GenerationalDistance: 0.0
    InvertedGenerationalDistance: 0.0
    AdditiveEpsilonIndicator: 0.0
    MaximumParetoFrontError: 0.0
    Spacing: 310.3275529549457
    Contribution: 1.0
    R1Indicator: 0.0
    R2Indicator: 129629.12490386136
    R3Indicator: 143853.75079839397
