NSGAIIITA:
    Hypervolume: 0.8106571729198007
    GenerationalDistance: 0.0
    InvertedGenerationalDistance: 0.0
    AdditiveEpsilonIndicator: 0.0
    MaximumParetoFrontError: 0.0
    Spacing: 650.5310532662259
    Contribution: 1.0
    R1Indicator: 0.0
    R2Indicator: 326704.7336077392
    R3Indicator: 359648.659331006
RS:
    Hypervolume: 0.0
    GenerationalDistance: 24.739445460392893
    InvertedGenerationalDistance: 45.22813853567612
    AdditiveEpsilonIndicator: 43.20426191814442
    MaximumParetoFrontError: 58.0496344712363
    Spacing: 157105.30057123746
    Contribution: 0.0
    R1Indicator: 0.0
    R2Indicator: 980275.3770172661
    R3Indicator: 1079122.6236436742
KRRGZ:
    Hypervolume: 0.0
    GenerationalDistance: 1.3496728376868188
    InvertedGenerationalDistance: 4.1239331413459555
    AdditiveEpsilonIndicator: 3.8351697414518546
    MaximumParetoFrontError: 5.734097731004314
    Spacing: 3723.3633199748456
    Contribution: 0.0
    R1Indicator: 0.0
    R2Indicator: 384721.1037252928
    R3Indicator: 423515.1562906588
