NSGAIIITA:
    Hypervolume: 0.8784408668294728
    GenerationalDistance: 0.0
    InvertedGenerationalDistance: 0.012452611470432777
    AdditiveEpsilonIndicator: 0.005737522447727108
    MaximumParetoFrontError: 0.0
    Spacing: 113.39388420783847
    Contribution: 0.9702970297029703
    R1Indicator: 0.0
    R2Indicator: 124966.6739997063
    R3Indicator: 135211.10379992935
RS:
    Hypervolume: 0.0
    GenerationalDistance: 0.8275808452095355
    InvertedGenerationalDistance: 2.1546319084568335
    AdditiveEpsilonIndicator: 2.3382372679656758
    MaximumParetoFrontError: 2.2374335440737556
    Spacing: 5206.506533374005
    Contribution: 0.0
    R1Indicator: 0.0
    R2Indicator: 208108.71454513617
    R3Indicator: 225168.8834435213
KRRGZ:
    Hypervolume: 0.7209770490282051
    GenerationalDistance: 0.01455827750720385
    InvertedGenerationalDistance: 0.11555905888028449
    AdditiveEpsilonIndicator: 0.1710510976981818
    MaximumParetoFrontError: 0.16569610024641854
    Spacing: 668.4972162157684
    Contribution: 0.0297029702970297
    R1Indicator: 0.0
    R2Indicator: 131048.75777467263
    R3Indicator: 141791.78518064064
