NSGAIIITA:
    Hypervolume: 0.7829695709945786
    GenerationalDistance: 0.0
    InvertedGenerationalDistance: 0.0
    AdditiveEpsilonIndicator: 0.0
    MaximumParetoFrontError: 0.0
    Spacing: 318.36659227480277
    Contribution: 1.0
    R1Indicator: 0.0
    R2Indicator: 310863.75136328087
    R3Indicator: 345141.0609745973
KRRGZ:
    Hypervolume: 0.0
    GenerationalDistance: 1.1031690344464877
    InvertedGenerationalDistance: 3.931732855627584
    AdditiveEpsilonIndicator: 4.0252324802966655
    MaximumParetoFrontError: 6.087706344777414
    Spacing: 7321.2588477300815
    Contribution: 0.0
    R1Indicator: 0.0
    R2Indicator: 388897.31477881566
    R3Indicator: 431778.919829078
