NSGAIIITA:
    Hypervolume: 0.7909651147158959
    GenerationalDistance: 0.0
    InvertedGenerationalDistance: 0.0
    AdditiveEpsilonIndicator: 0.0
    MaximumParetoFrontError: 0.0
    Spacing: 373.3943343261105
    Contribution: 1.0
    R1Indicator: 0.0
    R2Indicator: 207139.2364983595
    R3Indicator: 230252.08685247015
RS:
    Hypervolume: 0.0
    GenerationalDistance: 5.145834884538283
    InvertedGenerationalDistance: 11.392041789466258
    AdditiveEpsilonIndicator: 10.088631300896417
    MaximumParetoFrontError: 12.297351098023933
    Spacing: 28713.583960484495
    Contribution: 0.0
    R1Indicator: 0.0
    R2Indicator: 446028.1507509513
    R3Indicator: 495796.32205148175
KRRGZ:
    Hypervolume: 0.00749787692398911
    GenerationalDistance: 0.1639443026885407
    InvertedGenerationalDistance: 0.7860854944412371
    AdditiveEpsilonIndicator: 0.8363141188928315
    MaximumParetoFrontError: 1.174004922017187
    Spacing: 2434.011787716805
    Contribution: 0.0
    R1Indicator: 0.0
    R2Indicator: 226942.35661921703
    R3Indicator: 252264.84475683837
