RS:
    Hypervolume: 0.0
    GenerationalDistance: 1.2229793425434519
    InvertedGenerationalDistance: 2.262154618323621
    AdditiveEpsilonIndicator: 2.3410719873646983
    MaximumParetoFrontError: 1.7685040861202284
    Spacing: 0.0
    Contribution: 0.0
    R1Indicator: 0.0
    R2Indicator: 304591.8732648639
    R3Indicator: 329472.924257779
NSGAIIITAGLS:
    Hypervolume: 0.879764816082873
    GenerationalDistance: 0.0
    InvertedGenerationalDistance: 0.009203653853922774
    AdditiveEpsilonIndicator: 0.015556361504263835
    MaximumParetoFrontError: 0.0
    Spacing: 241.66589161519246
    Contribution: 0.9769230769230769
    R1Indicator: 0.0
    R2Indicator: 186995.19900808923
    R3Indicator: 202270.21445712668
KRRGZ:
    Hypervolume: 0.7110542463208295
    GenerationalDistance: 0.02140112209360408
    InvertedGenerationalDistance: 0.1284775558311592
    AdditiveEpsilonIndicator: 0.13441491867617528
    MaximumParetoFrontError: 0.6738329057824632
    Spacing: 667.0915692316612
    Contribution: 0.023076923076923078
    R1Indicator: 0.0
    R2Indicator: 191513.02679208101
    R3Indicator: 207157.08972532477
