RS:
    Hypervolume: 0.0
    GenerationalDistance: 5.42436394677677
    InvertedGenerationalDistance: 6.040065079625725
    AdditiveEpsilonIndicator: 6.421127511765455
    MaximumParetoFrontError: 5.42436394677677
    Spacing: 0.0
    Contribution: 0.0
    R1Indicator: 0.0
    R2Indicator: 8611.07851562693
    R3Indicator: 10120.558429549765
NSGAIIITAGLS:
    Hypervolume: 0.5849697866207033
    GenerationalDistance: 0.0023447401116253003
    InvertedGenerationalDistance: 0.020227110078369838
    AdditiveEpsilonIndicator: 0.06579264484169596
    MaximumParetoFrontError: 0.06681435492526445
    Spacing: 4.84315798422618
    Contribution: 0.10476190476190476
    R1Indicator: 0.0
    R2Indicator: 5732.517208316716
    R3Indicator: 6737.396690883468
KRRGZ:
    Hypervolume: 0.6118082696048227
    GenerationalDistance: 4.0501768904965666E-4
    InvertedGenerationalDistance: 0.0013745230446924556
    AdditiveEpsilonIndicator: 0.03738509625059139
    MaximumParetoFrontError: 0.028482835504444214
    Spacing: 2.650679467923697
    Contribution: 0.8952380952380953
    R1Indicator: 0.0
    R2Indicator: 5702.718506149854
    R3Indicator: 6702.374192562745
