NSGAIIITA:
    Hypervolume: 0.8283165279182855
    GenerationalDistance: 0.0
    InvertedGenerationalDistance: 0.0
    AdditiveEpsilonIndicator: 0.0
    MaximumParetoFrontError: 0.0
    Spacing: 314.6021993202874
    Contribution: 1.0
    R1Indicator: 0.0
    R2Indicator: 126563.41701111721
    R3Indicator: 138869.54325853448
RS:
    Hypervolume: 0.0
    GenerationalDistance: 1.5173733616056826
    InvertedGenerationalDistance: 2.4243366052832767
    AdditiveEpsilonIndicator: 2.7198538128547853
    MaximumParetoFrontError: 5.443525680987437
    Spacing: 47522.60695189747
    Contribution: 0.0
    R1Indicator: 0.0
    R2Indicator: 192910.5748954698
    R3Indicator: 211667.78265723574
KRRGZ:
    Hypervolume: 0.626642779154844
    GenerationalDistance: 0.016186715121389996
    InvertedGenerationalDistance: 0.13144766146231263
    AdditiveEpsilonIndicator: 0.1668380931557124
    MaximumParetoFrontError: 0.3521458786055044
    Spacing: 760.2062886122609
    Contribution: 0.0
    R1Indicator: 0.0
    R2Indicator: 130239.2311709787
    R3Indicator: 142902.76127982402
