NSGAIIITA:
    Hypervolume: 0.8385353208816999
    GenerationalDistance: 0.0
    InvertedGenerationalDistance: 0.0
    AdditiveEpsilonIndicator: 0.0
    MaximumParetoFrontError: 0.0
    Spacing: 975.899759849295
    Contribution: 1.0
    R1Indicator: 0.0
    R2Indicator: 284337.0295255449
    R3Indicator: 310829.29735682625
RS:
    Hypervolume: 0.0
    GenerationalDistance: 18.054041091757185
    InvertedGenerationalDistance: 23.891128589680648
    AdditiveEpsilonIndicator: 23.46134224949168
    MaximumParetoFrontError: 27.588211710007542
    Spacing: 0.0
    Contribution: 0.0
    R1Indicator: 0.0
    R2Indicator: 879722.678068156
    R3Indicator: 961687.955549864
KRRGZ:
    Hypervolume: 0.0
    GenerationalDistance: 0.6222070650902428
    InvertedGenerationalDistance: 2.0802089253363
    AdditiveEpsilonIndicator: 2.2451639609384504
    MaximumParetoFrontError: 3.1525097504321056
    Spacing: 6493.301603065545
    Contribution: 0.0
    R1Indicator: 0.0
    R2Indicator: 341313.2161963395
    R3Indicator: 373114.046549235
