NSGAIIITA:
    Hypervolume: 0.8177002916014431
    GenerationalDistance: 0.0
    InvertedGenerationalDistance: 0.0
    AdditiveEpsilonIndicator: 0.0
    MaximumParetoFrontError: 0.0
    Spacing: 225.5114402013871
    Contribution: 1.0
    R1Indicator: 0.0
    R2Indicator: 125848.9513935258
    R3Indicator: 138746.0413112679
RS:
    Hypervolume: 0.0
    GenerationalDistance: 2.032761667729918
    InvertedGenerationalDistance: 3.4701216791646106
    AdditiveEpsilonIndicator: 3.7537963898242843
    MaximumParetoFrontError: 2.9600076195786964
    Spacing: 0.0
    Contribution: 0.0
    R1Indicator: 0.0
    R2Indicator: 215490.79648021184
    R3Indicator: 237574.4313849848
KRRGZ:
    Hypervolume: 0.5788807581955489
    GenerationalDistance: 0.022855285816868305
    InvertedGenerationalDistance: 0.1763773248827266
    AdditiveEpsilonIndicator: 0.2624634046638294
    MaximumParetoFrontError: 0.4598211613431426
    Spacing: 513.6070579979233
    Contribution: 0.0
    R1Indicator: 0.0
    R2Indicator: 132116.61394222017
    R3Indicator: 145656.022026791
