NSGAIIITA:
    Hypervolume: 0.7978035000580502
    GenerationalDistance: 0.0
    InvertedGenerationalDistance: 0.0
    AdditiveEpsilonIndicator: 0.0
    MaximumParetoFrontError: 0.0
    Spacing: 194.0868326581825
    Contribution: 1.0
    R1Indicator: 0.0
    R2Indicator: 125755.81519038355
    R3Indicator: 139251.95446423435
RS:
    Hypervolume: 0.0
    GenerationalDistance: 3.287015829779476
    InvertedGenerationalDistance: 3.907601422409386
    AdditiveEpsilonIndicator: 4.264781738972421
    MaximumParetoFrontError: 3.287015829779476
    Spacing: 0.0
    Contribution: 0.0
    R1Indicator: 0.0
    R2Indicator: 212930.51565833166
    R3Indicator: 235782.23229736803
KRRGZ:
    Hypervolume: 0.5073619332563032
    GenerationalDistance: 0.02746638804378891
    InvertedGenerationalDistance: 0.19232272458006489
    AdditiveEpsilonIndicator: 0.2959060028387443
    MaximumParetoFrontError: 0.8917138344428418
    Spacing: 698.8950613867968
    Contribution: 0.0
    R1Indicator: 0.0
    R2Indicator: 131804.2747743043
    R3Indicator: 145949.53786220172
