NSGAIIITA:
    Hypervolume: 0.8755051968345003
    GenerationalDistance: 0.0
    InvertedGenerationalDistance: 0.004695501927234876
    AdditiveEpsilonIndicator: 0.0027208420885114835
    MaximumParetoFrontError: 0.0
    Spacing: 163.10561270415442
    Contribution: 0.984375
    R1Indicator: 0.0
    R2Indicator: 125361.70429897316
    R3Indicator: 135808.97598031128
RS:
    Hypervolume: 0.0
    GenerationalDistance: 1.21279695277826
    InvertedGenerationalDistance: 2.470717715464711
    AdditiveEpsilonIndicator: 2.6522142731498013
    MaximumParetoFrontError: 2.6283424852843726
    Spacing: 30800.999135823964
    Contribution: 0.0
    R1Indicator: 0.0
    R2Indicator: 213922.13005943733
    R3Indicator: 231749.74527218103
KRRGZ:
    Hypervolume: 0.7077239603509361
    GenerationalDistance: 0.011446889592073793
    InvertedGenerationalDistance: 0.12298163411783469
    AdditiveEpsilonIndicator: 0.1980711871868102
    MaximumParetoFrontError: 0.1440320745407406
    Spacing: 243.78498205215192
    Contribution: 0.015625
    R1Indicator: 0.0
    R2Indicator: 131975.43157188824
    R3Indicator: 142973.87786278917
