NSGAIIITA:
    Hypervolume: 0.8397436777828481
    GenerationalDistance: 0.0
    InvertedGenerationalDistance: 0.0
    AdditiveEpsilonIndicator: 0.0
    MaximumParetoFrontError: 0.0
    Spacing: 868.0125161510041
    Contribution: 1.0
    R1Indicator: 0.0
    R2Indicator: 284709.931957199
    R3Indicator: 311571.4129020171
RS:
    Hypervolume: 0.0
    GenerationalDistance: 14.75305911808325
    InvertedGenerationalDistance: 29.210535223612897
    AdditiveEpsilonIndicator: 27.701717539343242
    MaximumParetoFrontError: 43.624080614885976
    Spacing: 56413.49018570775
    Contribution: 0.0
    R1Indicator: 0.0
    R2Indicator: 865830.1678405288
    R3Indicator: 947518.0925873282
KRRGZ:
    Hypervolume: 0.0
    GenerationalDistance: 0.9726691235254928
    InvertedGenerationalDistance: 2.667671062782839
    AdditiveEpsilonIndicator: 2.496038716745102
    MaximumParetoFrontError: 5.396044538016987
    Spacing: 11773.109581482579
    Contribution: 0.0
    R1Indicator: 0.0
    R2Indicator: 336829.04880727024
    R3Indicator: 368607.7707921766
