RS:
    Hypervolume: 0.0
    GenerationalDistance: 0.22959964308933353
    InvertedGenerationalDistance: 1.1527698893177536
    AdditiveEpsilonIndicator: 1.449923326245154
    MaximumParetoFrontError: 1.4078938400455632
    Spacing: 613.0221776923005
    Contribution: 0.0
    R1Indicator: 0.0
    R2Indicator: 54095.23245853839
    R3Indicator: 59733.47920361943
NSGAIIITAGLS:
    Hypervolume: 0.7637910044187907
    GenerationalDistance: 0.002490553150146137
    InvertedGenerationalDistance: 0.018519436459878677
    AdditiveEpsilonIndicator: 0.11468976796636403
    MaximumParetoFrontError: 0.47534919957472943
    Spacing: 134.96006173033007
    Contribution: 0.04743083003952569
    R1Indicator: 0.0
    R2Indicator: 43691.256263817435
    R3Indicator: 48245.10375300382
KRRGZ:
    Hypervolume: 0.8176787362184513
    GenerationalDistance: 1.2272491651866055E-5
    InvertedGenerationalDistance: 9.486423272129245E-5
    AdditiveEpsilonIndicator: 0.003800379118432909
    MaximumParetoFrontError: 0.0034206390445136988
    Spacing: 49.32913627052383
    Contribution: 0.9525691699604744
    R1Indicator: 0.0
    R2Indicator: 42797.69573933155
    R3Indicator: 47258.39959040328
