NSGAIIITA:
    Hypervolume: 0.8204562616821487
    GenerationalDistance: 0.0
    InvertedGenerationalDistance: 0.0
    AdditiveEpsilonIndicator: 0.0
    MaximumParetoFrontError: 0.0
    Spacing: 515.225105867215
    Contribution: 1.0
    R1Indicator: 0.0
    R2Indicator: 285757.6780493824
    R3Indicator: 314969.8549346425
RS:
    Hypervolume: 0.0
    GenerationalDistance: 9.534835455798342
    InvertedGenerationalDistance: 23.01927196705858
    AdditiveEpsilonIndicator: 22.10630644860295
    MaximumParetoFrontError: 24.59033372650598
    Spacing: 18555.810061534095
    Contribution: 0.0
    R1Indicator: 0.0
    R2Indicator: 875344.9912041959
    R3Indicator: 964828.5345274588
KRRGZ:
    Hypervolume: 0.0
    GenerationalDistance: 0.49947834183218126
    InvertedGenerationalDistance: 1.6924978278134601
    AdditiveEpsilonIndicator: 1.7741381391336153
    MaximumParetoFrontError: 2.0124950857964157
    Spacing: 3825.0098605272947
    Contribution: 0.0
    R1Indicator: 0.0
    R2Indicator: 333074.880612514
    R3Indicator: 367124.12643260934
