NSGAIIITA:
    Hypervolume: 0.7879440284075193
    GenerationalDistance: 0.0
    InvertedGenerationalDistance: 0.0
    AdditiveEpsilonIndicator: 0.0
    MaximumParetoFrontError: 0.0
    Spacing: 166.54439748632814
    Contribution: 1.0
    R1Indicator: 0.0
    R2Indicator: 127328.68423449343
    R3Indicator: 141739.22458721185
RS:
    Hypervolume: 0.0
    GenerationalDistance: 1.7890806453487265
    InvertedGenerationalDistance: 3.860778588475667
    AdditiveEpsilonIndicator: 4.138764909401595
    MaximumParetoFrontError: 4.8115428913005625
    Spacing: 12784.760455904772
    Contribution: 0.0
    R1Indicator: 0.0
    R2Indicator: 208234.7502485658
    R3Indicator: 231801.8583182747
KRRGZ:
    Hypervolume: 0.5271589466014194
    GenerationalDistance: 0.024308333221082428
    InvertedGenerationalDistance: 0.17859224828874068
    AdditiveEpsilonIndicator: 0.22803698127890404
    MaximumParetoFrontError: 0.5463580280357113
    Spacing: 646.4290151745299
    Contribution: 0.0
    R1Indicator: 0.0
    R2Indicator: 131638.59311898728
    R3Indicator: 146536.9071924105
