NSGAIIITA:
    Hypervolume: 0.879400130070305
    GenerationalDistance: 0.0
    InvertedGenerationalDistance: 0.0
    AdditiveEpsilonIndicator: 0.0
    MaximumParetoFrontError: 0.0
    Spacing: 462.86361241003823
    Contribution: 1.0
    R1Indicator: 0.0
    R2Indicator: 207947.26929077198
    R3Indicator: 224578.0542376434
RS:
    Hypervolume: 0.0
    GenerationalDistance: 4.015382521228449
    InvertedGenerationalDistance: 8.286038399863743
    AdditiveEpsilonIndicator: 7.516982512568075
    MaximumParetoFrontError: 8.214096397990696
    Spacing: 6431.371047841193
    Contribution: 0.0
    R1Indicator: 0.0
    R2Indicator: 452543.41806564486
    R3Indicator: 488735.9109528951
KRRGZ:
    Hypervolume: 0.20942638483721884
    GenerationalDistance: 0.10091461027171643
    InvertedGenerationalDistance: 0.5152198671564501
    AdditiveEpsilonIndicator: 0.6295779195205666
    MaximumParetoFrontError: 0.6956754617523457
    Spacing: 5125.239748887422
    Contribution: 0.0
    R1Indicator: 0.0
    R2Indicator: 228433.20128195718
    R3Indicator: 246702.3589612743
