NSGAIIITA:
    Hypervolume: 0.8354420381711768
    GenerationalDistance: 0.0
    InvertedGenerationalDistance: 0.0
    AdditiveEpsilonIndicator: 0.0
    MaximumParetoFrontError: 0.0
    Spacing: 947.6226620515989
    Contribution: 1.0
    R1Indicator: 0.0
    R2Indicator: 183774.2328623845
    R3Indicator: 201317.69189482692
RS:
    Hypervolume: 0.0
    GenerationalDistance: 1.1922716864426521
    InvertedGenerationalDistance: 3.1290139245539574
    AdditiveEpsilonIndicator: 3.2653658274099726
    MaximumParetoFrontError: 5.178596651300704
    Spacing: 8847.605284260686
    Contribution: 0.0
    R1Indicator: 0.0
    R2Indicator: 297247.41206172656
    R3Indicator: 325623.16684529633
KRRGZ:
    Hypervolume: 0.6140135638147263
    GenerationalDistance: 0.01965389870290645
    InvertedGenerationalDistance: 0.15635108372325573
    AdditiveEpsilonIndicator: 0.16776058346137268
    MaximumParetoFrontError: 0.7288647651573982
    Spacing: 5169.106985631735
    Contribution: 0.0
    R1Indicator: 0.0
    R2Indicator: 189352.00714921008
    R3Indicator: 207427.93077211684
