NSGAIIITA:
    Hypervolume: 0.7901568708487061
    GenerationalDistance: 0.0
    InvertedGenerationalDistance: 0.0
    AdditiveEpsilonIndicator: 0.0
    MaximumParetoFrontError: 0.0
    Spacing: 243.4981486800422
    Contribution: 1.0
    R1Indicator: 0.0
    R2Indicator: 209213.18340873712
    R3Indicator: 232191.84419612927
RS:
    Hypervolume: 0.0
    GenerationalDistance: 14.834883095248815
    InvertedGenerationalDistance: 15.30581066320025
    AdditiveEpsilonIndicator: 15.444130295138681
    MaximumParetoFrontError: 14.834883095248815
    Spacing: 0.0
    Contribution: 0.0
    R1Indicator: 0.0
    R2Indicator: 462291.364603609
    R3Indicator: 513066.3783036992
KRRGZ:
    Hypervolume: 0.0
    GenerationalDistance: 0.3144375611471963
    InvertedGenerationalDistance: 1.0087891022152609
    AdditiveEpsilonIndicator: 1.2224887965240916
    MaximumParetoFrontError: 2.974006976672486
    Spacing: 3610.072114948326
    Contribution: 0.0
    R1Indicator: 0.0
    R2Indicator: 229245.71631926016
    R3Indicator: 254424.61301315058
