NSGAIIITA:
    Hypervolume: 0.7659586303645736
    GenerationalDistance: 0.0
    InvertedGenerationalDistance: 0.0
    AdditiveEpsilonIndicator: 0.0
    MaximumParetoFrontError: 0.0
    Spacing: 974.9569287127744
    Contribution: 1.0
    R1Indicator: 0.0
    R2Indicator: 285678.9237487146
    R3Indicator: 318744.8997052925
RS:
    Hypervolume: 0.0
    GenerationalDistance: 14.731707579123563
    InvertedGenerationalDistance: 34.29055979143224
    AdditiveEpsilonIndicator: 32.03262648048656
    MaximumParetoFrontError: 39.146532543400205
    Spacing: 10203.916205545565
    Contribution: 0.0
    R1Indicator: 0.0
    R2Indicator: 866842.3317896238
    R3Indicator: 967174.7363299112
KRRGZ:
    Hypervolume: 0.0
    GenerationalDistance: 0.7867352758072343
    InvertedGenerationalDistance: 2.8731145530153848
    AdditiveEpsilonIndicator: 2.532270460135583
    MaximumParetoFrontError: 3.460212676802915
    Spacing: 5960.68244027682
    Contribution: 0.0
    R1Indicator: 0.0
    R2Indicator: 331621.5199423596
    R3Indicator: 370005.0988871083
