NSGAIIITA:
    Hypervolume: 0.7655518646095819
    GenerationalDistance: 1.9206529213136822E-4
    InvertedGenerationalDistance: 0.002125633127482211
    AdditiveEpsilonIndicator: 0.011337911810663945
    MaximumParetoFrontError: 0.062178025114560276
    Spacing: 200.90705537776938
    Contribution: 0.8192219679633868
    R1Indicator: 0.0
    R2Indicator: 42798.512868831975
    R3Indicator: 48254.41673200083
RS:
    Hypervolume: 0.0
    GenerationalDistance: 0.14306932337585682
    InvertedGenerationalDistance: 0.8334656245798875
    AdditiveEpsilonIndicator: 1.088296693154889
    MaximumParetoFrontError: 1.0122951921064804
    Spacing: 864.9408149199568
    Contribution: 0.0
    R1Indicator: 0.0
    R2Indicator: 52328.65844897884
    R3Indicator: 58999.47965576394
KRRGZ:
    Hypervolume: 0.7638118195772189
    GenerationalDistance: 1.8488910701573694E-4
    InvertedGenerationalDistance: 0.0035066877274716
    AdditiveEpsilonIndicator: 0.015008417596862214
    MaximumParetoFrontError: 0.03162125484210871
    Spacing: 35.878551993495314
    Contribution: 0.18077803203661327
    R1Indicator: 0.0
    R2Indicator: 42895.86024762761
    R3Indicator: 48364.175589181
