NSGAIIITA:
    Hypervolume: 0.8783226276831746
    GenerationalDistance: 0.0
    InvertedGenerationalDistance: 0.012511184128538895
    AdditiveEpsilonIndicator: 0.01589193612788724
    MaximumParetoFrontError: 0.0
    Spacing: 124.90974404854356
    Contribution: 0.9715909090909091
    R1Indicator: 0.0
    R2Indicator: 126457.12665289248
    R3Indicator: 136460.23493103523
RS:
    Hypervolume: 0.0
    GenerationalDistance: 1.1677544301745273
    InvertedGenerationalDistance: 2.245001113377904
    AdditiveEpsilonIndicator: 2.4243740020173115
    MaximumParetoFrontError: 2.518206662212601
    Spacing: 7299.722492776957
    Contribution: 0.0
    R1Indicator: 0.0
    R2Indicator: 213284.10167768464
    R3Indicator: 230155.44325916746
KRRGZ:
    Hypervolume: 0.7387132890483858
    GenerationalDistance: 0.012047448670836009
    InvertedGenerationalDistance: 0.10895375135181105
    AdditiveEpsilonIndicator: 0.1344279673426937
    MaximumParetoFrontError: 0.14541688835697714
    Spacing: 622.3758727339791
    Contribution: 0.028409090909090908
    R1Indicator: 0.0
    R2Indicator: 131271.48544089816
    R3Indicator: 141655.42712519562
