NSGAIIITA:
    Hypervolume: 0.7905329679824478
    GenerationalDistance: 0.0
    InvertedGenerationalDistance: 0.0
    AdditiveEpsilonIndicator: 0.0
    MaximumParetoFrontError: 0.0
    Spacing: 415.9119939870775
    Contribution: 1.0
    R1Indicator: 0.0
    R2Indicator: 216105.49556622817
    R3Indicator: 239584.58591615176
RS:
    Hypervolume: 0.0
    GenerationalDistance: 15.60111774160495
    InvertedGenerationalDistance: 16.138944192837133
    AdditiveEpsilonIndicator: 15.813484784929392
    MaximumParetoFrontError: 15.60111774160495
    Spacing: 0.0
    Contribution: 0.0
    R1Indicator: 0.0
    R2Indicator: 567088.0528492283
    R3Indicator: 628699.9810013616
KRRGZ:
    Hypervolume: 0.0
    GenerationalDistance: 0.23286341365418237
    InvertedGenerationalDistance: 0.983790218162075
    AdditiveEpsilonIndicator: 1.0170154079898919
    MaximumParetoFrontError: 1.7688452785846387
    Spacing: 7742.373624457307
    Contribution: 0.0
    R1Indicator: 0.0
    R2Indicator: 238678.2891204893
    R3Indicator: 264609.8233259372
