NSGAIIITA:
    Hypervolume: 0.8416860133356376
    GenerationalDistance: 0.0
    InvertedGenerationalDistance: 0.0
    AdditiveEpsilonIndicator: 0.0
    MaximumParetoFrontError: 0.0
    Spacing: 459.04093560019527
    Contribution: 1.0
    R1Indicator: 0.0
    R2Indicator: 210068.30603314913
    R3Indicator: 228721.65693986282
RS:
    Hypervolume: 0.0
    GenerationalDistance: 7.864540384351726
    InvertedGenerationalDistance: 10.832096479618862
    AdditiveEpsilonIndicator: 10.809546702033948
    MaximumParetoFrontError: 11.914934421975108
    Spacing: 0.0
    Contribution: 0.0
    R1Indicator: 0.0
    R2Indicator: 465256.77776166354
    R3Indicator: 506569.85983572813
KRRGZ:
    Hypervolume: 0.02870047696554083
    GenerationalDistance: 0.19595894077141376
    InvertedGenerationalDistance: 0.7762681362776713
    AdditiveEpsilonIndicator: 0.8403298316444903
    MaximumParetoFrontError: 2.1161443302798144
    Spacing: 10439.747136810965
    Contribution: 0.0
    R1Indicator: 0.0
    R2Indicator: 229906.61370896906
    R3Indicator: 250321.5230419382
