NSGAIIITA:
    Hypervolume: 0.666240886320076
    GenerationalDistance: 2.816663000077549E-4
    InvertedGenerationalDistance: 8.796131681880744E-4
    AdditiveEpsilonIndicator: 0.01384347739527851
    MaximumParetoFrontError: 0.09867690369808457
    Spacing: 111.22152385265161
    Contribution: 0.8485576923076923
    R1Indicator: 0.0
    R2Indicator: 42772.7372166419
    R3Indicator: 49565.61276322238
RS:
    Hypervolume: 0.0
    GenerationalDistance: 0.2869727325380804
    InvertedGenerationalDistance: 1.1289602042767692
    AdditiveEpsilonIndicator: 1.378615390936143
    MaximumParetoFrontError: 0.9012020437317658
    Spacing: 1146.118966380158
    Contribution: 0.0
    R1Indicator: 0.0
    R2Indicator: 52940.98117938064
    R3Indicator: 61348.74312212347
KRRGZ:
    Hypervolume: 0.6608929337863527
    GenerationalDistance: 2.1502051196143373E-4
    InvertedGenerationalDistance: 0.004115262772031064
    AdditiveEpsilonIndicator: 0.03758606601709885
    MaximumParetoFrontError: 0.022636701186121627
    Spacing: 27.488162240694678
    Contribution: 0.15144230769230768
    R1Indicator: 0.0
    R2Indicator: 43049.945299167004
    R3Indicator: 49886.84841794582
