NSGAIIITA:
    Hypervolume: 0.8708479908201218
    GenerationalDistance: 0.0
    InvertedGenerationalDistance: 0.0
    AdditiveEpsilonIndicator: 0.0
    MaximumParetoFrontError: 0.0
    Spacing: 964.8534303064741
    Contribution: 1.0
    R1Indicator: 0.0
    R2Indicator: 287749.30961276003
    R3Indicator: 312100.61366379744
RS:
    Hypervolume: 0.0
    GenerationalDistance: 8.75058366226827
    InvertedGenerationalDistance: 20.250079874683177
    AdditiveEpsilonIndicator: 14.684906064000263
    MaximumParetoFrontError: 23.273657346298243
    Spacing: 65392.712929994574
    Contribution: 0.0
    R1Indicator: 0.0
    R2Indicator: 862613.7084404165
    R3Indicator: 935613.5787301956
KRRGZ:
    Hypervolume: 0.0
    GenerationalDistance: 0.5478335973975343
    InvertedGenerationalDistance: 1.8563985036457973
    AdditiveEpsilonIndicator: 1.527147661587598
    MaximumParetoFrontError: 2.590229494209378
    Spacing: 3568.64194002188
    Contribution: 0.0
    R1Indicator: 0.0
    R2Indicator: 329991.72469995567
    R3Indicator: 357917.8375909997
