NSGAIIITA:
    Hypervolume: 0.5688834737440506
    GenerationalDistance: 2.804783354618264E-4
    InvertedGenerationalDistance: 0.0018159916396858048
    AdditiveEpsilonIndicator: 0.016793858281051954
    MaximumParetoFrontError: 0.019478633383813518
    Spacing: 2.6209777923288153
    Contribution: 0.6256684491978609
    R1Indicator: 0.0
    R2Indicator: 5700.35396814195
    R3Indicator: 6769.936491658791
RS:
    Hypervolume: 0.0
    GenerationalDistance: 6.302547849051488
    InvertedGenerationalDistance: 6.8428778971015465
    AdditiveEpsilonIndicator: 7.297151068021395
    MaximumParetoFrontError: 6.302547849051488
    Spacing: 0.0
    Contribution: 0.0
    R1Indicator: 0.0
    R2Indicator: 8534.650820461547
    R3Indicator: 10136.048271124997
KRRGZ:
    Hypervolume: 0.5672973054017367
    GenerationalDistance: 8.212740507416251E-4
    InvertedGenerationalDistance: 0.0022025528154963445
    AdditiveEpsilonIndicator: 0.02129688062527509
    MaximumParetoFrontError: 0.12398259981899629
    Spacing: 6.063980879641219
    Contribution: 0.5133689839572193
    R1Indicator: 0.0
    R2Indicator: 5700.4161820308955
    R3Indicator: 6770.010380701277
