NSGAIIITA:
    Hypervolume: 0.8638996093027119
    GenerationalDistance: 0.0
    InvertedGenerationalDistance: 0.0
    AdditiveEpsilonIndicator: 0.0
    MaximumParetoFrontError: 0.0
    Spacing: 1484.9343785177255
    Contribution: 1.0
    R1Indicator: 0.0
    R2Indicator: 218384.82299136143
    R3Indicator: 237213.6057346911
RS:
    Hypervolume: 0.0
    GenerationalDistance: 7.217151743825411
    InvertedGenerationalDistance: 15.855817771289004
    AdditiveEpsilonIndicator: 15.258524195972079
    MaximumParetoFrontError: 20.143692843137533
    Spacing: 37913.82475567332
    Contribution: 0.0
    R1Indicator: 0.0
    R2Indicator: 578639.1207907193
    R3Indicator: 628528.2908495564
KRRGZ:
    Hypervolume: 0.09028743874619521
    GenerationalDistance: 0.1432735947727359
    InvertedGenerationalDistance: 0.7013318017772288
    AdditiveEpsilonIndicator: 0.6335243883608146
    MaximumParetoFrontError: 0.8256631889771763
    Spacing: 2066.4938440655824
    Contribution: 0.0
    R1Indicator: 0.0
    R2Indicator: 230603.50277622862
    R3Indicator: 250485.7506117263
