NSGAIIITA:
    Hypervolume: 0.8743068810691863
    GenerationalDistance: 0.0
    InvertedGenerationalDistance: 0.0
    AdditiveEpsilonIndicator: 0.0
    MaximumParetoFrontError: 0.0
    Spacing: 1212.5818713078681
    Contribution: 1.0
    R1Indicator: 0.0
    R2Indicator: 326808.4722589907
    R3Indicator: 350381.4041781003
RS:
    Hypervolume: 0.0
    GenerationalDistance: 12.500639244972811
    InvertedGenerationalDistance: 29.40520354119555
    AdditiveEpsilonIndicator: 27.597099256104084
    MaximumParetoFrontError: 32.4261745509558
    Spacing: 39350.31657238082
    Contribution: 0.0
    R1Indicator: 0.0
    R2Indicator: 1033782.1038056855
    R3Indicator: 1108348.9521252227
KRRGZ:
    Hypervolume: 0.0
    GenerationalDistance: 0.6054126676106528
    InvertedGenerationalDistance: 2.4932497226459964
    AdditiveEpsilonIndicator: 2.1207500766514937
    MaximumParetoFrontError: 3.398633338157477
    Spacing: 2499.3679380270473
    Contribution: 0.0
    R1Indicator: 0.0
    R2Indicator: 378348.3765723684
    R3Indicator: 405638.8774086555
