NSGAIIITA:
    Hypervolume: 0.8237606248962362
    GenerationalDistance: 0.0
    InvertedGenerationalDistance: 0.0
    AdditiveEpsilonIndicator: 0.0
    MaximumParetoFrontError: 0.0
    Spacing: 671.336716589572
    Contribution: 1.0
    R1Indicator: 0.0
    R2Indicator: 209241.2804401825
    R3Indicator: 229601.70004427683
RS:
    Hypervolume: 0.0
    GenerationalDistance: 5.597585819717255
    InvertedGenerationalDistance: 9.981119355569085
    AdditiveEpsilonIndicator: 9.349753671141466
    MaximumParetoFrontError: 13.42376732949051
    Spacing: 105540.19445578991
    Contribution: 0.0
    R1Indicator: 0.0
    R2Indicator: 461908.16407697264
    R3Indicator: 506854.3824600173
KRRGZ:
    Hypervolume: 0.11366933694826022
    GenerationalDistance: 0.14888089024377263
    InvertedGenerationalDistance: 0.5994871533615077
    AdditiveEpsilonIndicator: 0.6465060916768419
    MaximumParetoFrontError: 0.8027919644559972
    Spacing: 2582.4152611520935
    Contribution: 0.0
    R1Indicator: 0.0
    R2Indicator: 226712.45614732048
    R3Indicator: 248772.9064488037
