NSGAIIITA:
    Hypervolume: 0.5916120732833531
    GenerationalDistance: 2.3518722805805723E-4
    InvertedGenerationalDistance: 0.0011864397530679993
    AdditiveEpsilonIndicator: 0.009554905363986427
    MaximumParetoFrontError: 0.02173544399975906
    Spacing: 2.4232418857867075
    Contribution: 0.7230769230769231
    R1Indicator: 0.0
    R2Indicator: 5700.358965772827
    R3Indicator: 6730.260560591573
RS:
    Hypervolume: 0.0
    GenerationalDistance: 4.412594410106634
    InvertedGenerationalDistance: 8.830135673256644
    AdditiveEpsilonIndicator: 9.249556988300286
    MaximumParetoFrontError: 9.96598774461793
    Spacing: 559.085337950857
    Contribution: 0.0
    R1Indicator: 0.0
    R2Indicator: 9590.194783451954
    R3Indicator: 11322.892440580255
KRRGZ:
    Hypervolume: 0.589922065417636
    GenerationalDistance: 3.948178243635768E-4
    InvertedGenerationalDistance: 0.0027854095004348285
    AdditiveEpsilonIndicator: 0.014765378415941027
    MaximumParetoFrontError: 0.026420680507837302
    Spacing: 3.719769949265126
    Contribution: 0.48717948717948717
    R1Indicator: 0.0
    R2Indicator: 5700.358887841884
    R3Indicator: 6730.260482480538
