NSGAIIITA:
    Hypervolume: 0.7519730501453427
    GenerationalDistance: 3.6138161006826414E-5
    InvertedGenerationalDistance: 4.7869400813517525E-4
    AdditiveEpsilonIndicator: 0.0051143944548144825
    MaximumParetoFrontError: 0.013126471287939756
    Spacing: 127.15501567553721
    Contribution: 0.9387755102040817
    R1Indicator: 0.0
    R2Indicator: 76994.50307825668
    R3Indicator: 86928.04978247623
RS:
    Hypervolume: 0.0
    GenerationalDistance: 0.26582836004568006
    InvertedGenerationalDistance: 1.0723043465308428
    AdditiveEpsilonIndicator: 1.3365558686960817
    MaximumParetoFrontError: 1.016633065760958
    Spacing: 3273.4357476514524
    Contribution: 0.0
    R1Indicator: 0.0
    R2Indicator: 98367.19117855596
    R3Indicator: 111058.19317227678
KRRGZ:
    Hypervolume: 0.7121861938748696
    GenerationalDistance: 0.0018864499673593592
    InvertedGenerationalDistance: 0.029643783713798205
    AdditiveEpsilonIndicator: 0.06426201002284375
    MaximumParetoFrontError: 0.05681303302336152
    Spacing: 79.91262636734884
    Contribution: 0.061224489795918366
    R1Indicator: 0.0
    R2Indicator: 78022.08951695972
    R3Indicator: 88088.2154265696
