NSGAIIITA:
    Hypervolume: 0.8940755398777793
    GenerationalDistance: 0.0
    InvertedGenerationalDistance: 0.0
    AdditiveEpsilonIndicator: 0.0
    MaximumParetoFrontError: 0.0
    Spacing: 736.787091669935
    Contribution: 1.0
    R1Indicator: 0.0
    R2Indicator: 284535.3625589895
    R3Indicator: 304200.4050911256
RS:
    Hypervolume: 0.0
    GenerationalDistance: 11.96565598964097
    InvertedGenerationalDistance: 23.66130410603139
    AdditiveEpsilonIndicator: 22.56433227852279
    MaximumParetoFrontError: 24.830396738932087
    Spacing: 25624.269564174017
    Contribution: 0.0
    R1Indicator: 0.0
    R2Indicator: 844632.6653655103
    R3Indicator: 903007.3575847385
KRRGZ:
    Hypervolume: 0.0
    GenerationalDistance: 0.618290034075874
    InvertedGenerationalDistance: 2.140199312088779
    AdditiveEpsilonIndicator: 2.0945115402533405
    MaximumParetoFrontError: 2.710250176428999
    Spacing: 10236.432723638693
    Contribution: 0.0
    R1Indicator: 0.0
    R2Indicator: 336525.8203199071
    R3Indicator: 359784.0472589756
