RS:
    Hypervolume: 0.0
    GenerationalDistance: 1.0010255811509345
    InvertedGenerationalDistance: 2.3011922056891407
    AdditiveEpsilonIndicator: 2.5486288943643682
    MaximumParetoFrontError: 3.8718667868918453
    Spacing: 41428.61013101244
    Contribution: 0.0
    R1Indicator: 0.0
    R2Indicator: 298251.86834049824
    R3Indicator: 321988.69961613446
NSGAIIITAGLS:
    Hypervolume: 0.5319111071197775
    GenerationalDistance: 0.012335957978574919
    InvertedGenerationalDistance: 0.2579987359624255
    AdditiveEpsilonIndicator: 0.43685500012965284
    MaximumParetoFrontError: 0.13646547211370505
    Spacing: 1073.1267939898826
    Contribution: 0.0
    R1Indicator: 0.0
    R2Indicator: 207577.15332711107
    R3Indicator: 224097.5497929728
KRRGZ:
    Hypervolume: 0.8704223036328202
    GenerationalDistance: 0.0
    InvertedGenerationalDistance: 0.0
    AdditiveEpsilonIndicator: 0.0
    MaximumParetoFrontError: 0.0
    Spacing: 546.7833884510524
    Contribution: 1.0
    R1Indicator: 0.0
    R2Indicator: 188819.91250572127
    R3Indicator: 203847.47157475914
