NSGAIIITA:
    Hypervolume: 0.8016013569931187
    GenerationalDistance: 0.0
    InvertedGenerationalDistance: 0.0
    AdditiveEpsilonIndicator: 0.0
    MaximumParetoFrontError: 0.0
    Spacing: 1015.8600681380457
    Contribution: 1.0
    R1Indicator: 0.0
    R2Indicator: 288909.63580169453
    R3Indicator: 319173.56429977383
RS:
    Hypervolume: 0.0
    GenerationalDistance: 15.558715503562004
    InvertedGenerationalDistance: 33.767229734627755
    AdditiveEpsilonIndicator: 29.29343364487095
    MaximumParetoFrontError: 36.827084280080996
    Spacing: 32835.38400480977
    Contribution: 0.0
    R1Indicator: 0.0
    R2Indicator: 836451.2604308372
    R3Indicator: 924070.9563795325
KRRGZ:
    Hypervolume: 0.0
    GenerationalDistance: 0.9504545313602397
    InvertedGenerationalDistance: 2.801312212377034
    AdditiveEpsilonIndicator: 2.43340181426913
    MaximumParetoFrontError: 5.027320374390833
    Spacing: 5883.389289019874
    Contribution: 0.0
    R1Indicator: 0.0
    R2Indicator: 334393.8605700765
    R3Indicator: 369422.3252980325
