RS:
    Hypervolume: 0.0
    GenerationalDistance: 1.9322585224764435
    InvertedGenerationalDistance: 2.7930369023673056
    AdditiveEpsilonIndicator: 3.0401359142524265
    MaximumParetoFrontError: 3.889597999000508
    Spacing: 35391.69559954634
    Contribution: 0.0
    R1Indicator: 0.0
    R2Indicator: 206134.68099550018
    R3Indicator: 228490.04772464512
NSGAIIITAGLS:
    Hypervolume: 0.7991434113182242
    GenerationalDistance: 0.0
    InvertedGenerationalDistance: 0.0
    AdditiveEpsilonIndicator: 0.0
    MaximumParetoFrontError: 0.0
    Spacing: 388.6438761402372
    Contribution: 1.0
    R1Indicator: 0.0
    R2Indicator: 131124.32509631146
    R3Indicator: 145344.8355031134
KRRGZ:
    Hypervolume: 0.609683080900424
    GenerationalDistance: 0.023267061548613185
    InvertedGenerationalDistance: 0.1355390236723982
    AdditiveEpsilonIndicator: 0.13523861968277584
    MaximumParetoFrontError: 0.48406705101222314
    Spacing: 4322.450769935843
    Contribution: 0.0
    R1Indicator: 0.0
    R2Indicator: 133604.153862986
    R3Indicator: 148093.5944938571
