RS:
    Hypervolume: 0.0
    GenerationalDistance: 3.553860786544567
    InvertedGenerationalDistance: 6.2871471434810395
    AdditiveEpsilonIndicator: 6.650969018640137
    MaximumParetoFrontError: 9.897131097548858
    Spacing: 339.8881220720158
    Contribution: 0.0
    R1Indicator: 0.0
    R2Indicator: 9024.517966263153
    R3Indicator: 10509.974581073162
NSGAIIITAGLS:
    Hypervolume: 0.6130308836483283
    GenerationalDistance: 0.004876307941915734
    InvertedGenerationalDistance: 0.03310557794719239
    AdditiveEpsilonIndicator: 0.11125989872940989
    MaximumParetoFrontError: 0.32713518289633825
    Spacing: 15.702852810032908
    Contribution: 0.013953488372093023
    R1Indicator: 0.0
    R2Indicator: 5756.043280392783
    R3Indicator: 6703.4986154911685
KRRGZ:
    Hypervolume: 0.6531502675763229
    GenerationalDistance: 3.5007229342430916E-5
    InvertedGenerationalDistance: 4.284372841831702E-5
    AdditiveEpsilonIndicator: 0.005223189769421099
    MaximumParetoFrontError: 0.007057055440595106
    Spacing: 2.647049028372309
    Contribution: 0.986046511627907
    R1Indicator: 0.0
    R2Indicator: 5700.438943865658
    R3Indicator: 6638.741286502168
