NSGAIIITA:
    Hypervolume: 0.5871369877195601
    GenerationalDistance: 4.8632917640186254E-4
    InvertedGenerationalDistance: 0.002692204474485977
    AdditiveEpsilonIndicator: 0.017962667203618957
    MaximumParetoFrontError: 0.02208406804623099
    Spacing: 2.854351132449895
    Contribution: 0.6282051282051282
    R1Indicator: 0.0
    R2Indicator: 5700.358021448529
    R3Indicator: 6737.286259566911
RS:
    Hypervolume: 0.0
    GenerationalDistance: 6.645893796460011
    InvertedGenerationalDistance: 7.210264270068494
    AdditiveEpsilonIndicator: 7.642141573325183
    MaximumParetoFrontError: 6.645893796460011
    Spacing: 0.0
    Contribution: 0.0
    R1Indicator: 0.0
    R2Indicator: 8905.362841855289
    R3Indicator: 10525.305053363534
KRRGZ:
    Hypervolume: 0.5887144795850395
    GenerationalDistance: 0.0013811097143204647
    InvertedGenerationalDistance: 0.0022558846231782365
    AdditiveEpsilonIndicator: 0.01769511944773164
    MaximumParetoFrontError: 0.18529299705142033
    Spacing: 9.84807871264577
    Contribution: 0.7051282051282052
    R1Indicator: 0.0
    R2Indicator: 5700.357956197074
    R3Indicator: 6737.286194156034
