NSGAIIITA:
    Hypervolume: 0.7115318002535062
    GenerationalDistance: 0.0
    InvertedGenerationalDistance: 0.0
    AdditiveEpsilonIndicator: 0.0
    MaximumParetoFrontError: 0.0
    Spacing: 447.7927632707728
    Contribution: 1.0
    R1Indicator: 0.0
    R2Indicator: 210178.59574931368
    R3Indicator: 239758.83334080683
RS:
    Hypervolume: 0.0
    GenerationalDistance: 5.674949551820133
    InvertedGenerationalDistance: 11.628777872279063
    AdditiveEpsilonIndicator: 9.88538799344515
    MaximumParetoFrontError: 16.67468896960837
    Spacing: 42042.75493226509
    Contribution: 0.0
    R1Indicator: 0.0
    R2Indicator: 434289.40479994105
    R3Indicator: 495410.41589943634
KRRGZ:
    Hypervolume: 0.0
    GenerationalDistance: 0.2599717082912472
    InvertedGenerationalDistance: 0.8907070620917089
    AdditiveEpsilonIndicator: 0.833891712282579
    MaximumParetoFrontError: 1.9014335856235591
    Spacing: 4596.187064608755
    Contribution: 0.0
    R1Indicator: 0.0
    R2Indicator: 227683.87908024376
    R3Indicator: 259727.76188574647
