NSGAIIITA:
    Hypervolume: 0.6984657082606435
    GenerationalDistance: 1.1683853791000813E-4
    InvertedGenerationalDistance: 0.0011099972262576744
    AdditiveEpsilonIndicator: 0.011380002295562908
    MaximumParetoFrontError: 0.03543811032850641
    Spacing: 97.68709198888524
    Contribution: 0.863849765258216
    R1Indicator: 0.0
    R2Indicator: 42823.706657387214
    R3Indicator: 49179.72578223274
RS:
    Hypervolume: 0.0
    GenerationalDistance: 0.245938432669114
    InvertedGenerationalDistance: 1.0641670653905624
    AdditiveEpsilonIndicator: 1.3545512905241777
    MaximumParetoFrontError: 0.8365289083610459
    Spacing: 585.2592554114375
    Contribution: 0.0
    R1Indicator: 0.0
    R2Indicator: 53305.53058230537
    R3Indicator: 61217.327956058434
KRRGZ:
    Hypervolume: 0.6951309181857087
    GenerationalDistance: 9.776349247074597E-4
    InvertedGenerationalDistance: 0.004250329505165802
    AdditiveEpsilonIndicator: 0.021763801413182845
    MaximumParetoFrontError: 0.18805981047796216
    Spacing: 39.702406377220925
    Contribution: 0.13615023474178403
    R1Indicator: 0.0
    R2Indicator: 42918.93946434152
    R3Indicator: 49289.094254447045
