NSGAIIITA:
    Hypervolume: 0.7478165154722155
    GenerationalDistance: 0.0
    InvertedGenerationalDistance: 0.0
    AdditiveEpsilonIndicator: 0.0
    MaximumParetoFrontError: 0.0
    Spacing: 275.76087965640744
    Contribution: 1.0
    R1Indicator: 0.0
    R2Indicator: 208617.78831184644
    R3Indicator: 233846.6622860856
RS:
    Hypervolume: 0.0
    GenerationalDistance: 5.308547546538374
    InvertedGenerationalDistance: 12.918068463769036
    AdditiveEpsilonIndicator: 11.431068940181234
    MaximumParetoFrontError: 15.035889419779357
    Spacing: 21809.775225487072
    Contribution: 0.0
    R1Indicator: 0.0
    R2Indicator: 453149.3289570432
    R3Indicator: 507949.9938846199
KRRGZ:
    Hypervolume: 0.0
    GenerationalDistance: 0.18243102548207765
    InvertedGenerationalDistance: 0.9184480491284257
    AdditiveEpsilonIndicator: 0.9621172158351089
    MaximumParetoFrontError: 1.6229686844395315
    Spacing: 1500.3005858344982
    Contribution: 0.0
    R1Indicator: 0.0
    R2Indicator: 226476.4894191822
    R3Indicator: 253865.06374202616
