RS:
    Hypervolume: 0.0
    GenerationalDistance: 3.77007642238277
    InvertedGenerationalDistance: 6.2444386180366624
    AdditiveEpsilonIndicator: 6.679582456908589
    MaximumParetoFrontError: 9.431618203121715
    Spacing: 335.2924359707949
    Contribution: 0.0
    R1Indicator: 0.0
    R2Indicator: 8491.78625715101
    R3Indicator: 10043.285187902535
NSGAIIITAGLS:
    Hypervolume: 0.5180965212621421
    GenerationalDistance: 0.005428803324349802
    InvertedGenerationalDistance: 0.041464778776440746
    AdditiveEpsilonIndicator: 0.1127897678389583
    MaximumParetoFrontError: 0.3130240865072391
    Spacing: 4.969437668791503
    Contribution: 0.0
    R1Indicator: 0.0
    R2Indicator: 5749.802540118634
    R3Indicator: 6800.324641620964
KRRGZ:
    Hypervolume: 0.5845967872132578
    GenerationalDistance: 0.0
    InvertedGenerationalDistance: 0.0
    AdditiveEpsilonIndicator: 0.0
    MaximumParetoFrontError: 0.0
    Spacing: 1.6754039294111394
    Contribution: 1.0
    R1Indicator: 0.0
    R2Indicator: 5702.708050368635
    R3Indicator: 6744.625487758546
