NSGAIIITA:
    Hypervolume: 0.7731726780320092
    GenerationalDistance: 0.0
    InvertedGenerationalDistance: 0.0
    AdditiveEpsilonIndicator: 0.0
    MaximumParetoFrontError: 0.0
    Spacing: 533.1479672668031
    Contribution: 1.0
    R1Indicator: 0.0
    R2Indicator: 209150.33225195293
    R3Indicator: 234158.89086229485
RS:
    Hypervolume: 0.0
    GenerationalDistance: 5.1886016518463185
    InvertedGenerationalDistance: 11.562127831460145
    AdditiveEpsilonIndicator: 10.880917123853342
    MaximumParetoFrontError: 14.982468304607181
    Spacing: 57252.427440362924
    Contribution: 0.0
    R1Indicator: 0.0
    R2Indicator: 463136.7122857528
    R3Indicator: 518514.7849097542
KRRGZ:
    Hypervolume: 0.004000735086405928
    GenerationalDistance: 0.1781548830079267
    InvertedGenerationalDistance: 0.8021355721214346
    AdditiveEpsilonIndicator: 0.8090954854234512
    MaximumParetoFrontError: 1.4474332281073916
    Spacing: 1589.513627437363
    Contribution: 0.0
    R1Indicator: 0.0
    R2Indicator: 226657.48140880704
    R3Indicator: 253759.39107991895
