NSGAIIITA:
    Hypervolume: 0.6104123629382353
    GenerationalDistance: 1.5710258307647596E-4
    InvertedGenerationalDistance: 0.0016408766038423382
    AdditiveEpsilonIndicator: 0.011964403238383048
    MaximumParetoFrontError: 0.014986800170280052
    Spacing: 2.0899469396373154
    Contribution: 0.6666666666666666
    R1Indicator: 0.0
    R2Indicator: 5700.361938148104
    R3Indicator: 6707.658957279551
RS:
    Hypervolume: 0.0
    GenerationalDistance: 4.473286929663215
    InvertedGenerationalDistance: 7.0916679495739725
    AdditiveEpsilonIndicator: 7.511599214241677
    MaximumParetoFrontError: 12.167680983443653
    Spacing: 732.6296772211663
    Contribution: 0.0
    R1Indicator: 0.0
    R2Indicator: 8993.855245717401
    R3Indicator: 10583.138380416516
KRRGZ:
    Hypervolume: 0.6057616960317865
    GenerationalDistance: 5.875617033832245E-4
    InvertedGenerationalDistance: 0.003596058683870481
    AdditiveEpsilonIndicator: 0.027652183521203577
    MaximumParetoFrontError: 0.030595998742284233
    Spacing: 2.878013148793381
    Contribution: 0.5707070707070707
    R1Indicator: 0.0
    R2Indicator: 5700.36216337453
    R3Indicator: 6707.65918292965
