NSGAIIITA:
    Hypervolume: 0.8320898509597768
    GenerationalDistance: 0.0
    InvertedGenerationalDistance: 0.0
    AdditiveEpsilonIndicator: 0.0
    MaximumParetoFrontError: 0.0
    Spacing: 326.443996793283
    Contribution: 1.0
    R1Indicator: 0.0
    R2Indicator: 183082.97883782716
    R3Indicator: 200231.85833710124
RS:
    Hypervolume: 0.0
    GenerationalDistance: 1.6627048456845361
    InvertedGenerationalDistance: 2.6373774553858085
    AdditiveEpsilonIndicator: 2.8750597832096347
    MaximumParetoFrontError: 3.4608795988633454
    Spacing: 20032.02394446036
    Contribution: 0.0
    R1Indicator: 0.0
    R2Indicator: 291136.20156995085
    R3Indicator: 318406.03427397966
KRRGZ:
    Hypervolume: 0.645268928310802
    GenerationalDistance: 0.015467052502283394
    InvertedGenerationalDistance: 0.12403985291089378
    AdditiveEpsilonIndicator: 0.1975428420276657
    MaximumParetoFrontError: 0.1916597780198971
    Spacing: 910.3881567090293
    Contribution: 0.0
    R1Indicator: 0.0
    R2Indicator: 190507.12106149437
    R3Indicator: 208351.4023310564
