NSGAIIITA:
    Hypervolume: 0.7746767162944095
    GenerationalDistance: 0.0
    InvertedGenerationalDistance: 0.0
    AdditiveEpsilonIndicator: 0.0
    MaximumParetoFrontError: 0.0
    Spacing: 148.17551184146203
    Contribution: 1.0
    R1Indicator: 0.0
    R2Indicator: 129533.03081680424
    R3Indicator: 144699.15222887052
RS:
    Hypervolume: 0.0
    GenerationalDistance: 2.45589239588006
    InvertedGenerationalDistance: 4.642893670442239
    AdditiveEpsilonIndicator: 4.959816367332571
    MaximumParetoFrontError: 5.440472990886925
    Spacing: 8168.146584888873
    Contribution: 0.0
    R1Indicator: 0.0
    R2Indicator: 209101.72449799188
    R3Indicator: 233583.94341516856
KRRGZ:
    Hypervolume: 0.466847203023905
    GenerationalDistance: 0.0347659890808389
    InvertedGenerationalDistance: 0.20979210578799345
    AdditiveEpsilonIndicator: 0.23062796247885073
    MaximumParetoFrontError: 0.8140490070808111
    Spacing: 600.0640179037106
    Contribution: 0.0
    R1Indicator: 0.0
    R2Indicator: 131889.40153806377
    R3Indicator: 147331.41109251257
