NSGAIIITA:
    Hypervolume: 0.5802098818220264
    GenerationalDistance: 0.0026064660734341255
    InvertedGenerationalDistance: 0.0029150262415296706
    AdditiveEpsilonIndicator: 0.023275296077030952
    MaximumParetoFrontError: 0.2179335147433512
    Spacing: 2.8233596799578837
    Contribution: 0.6304347826086957
    R1Indicator: 0.0
    R2Indicator: 5700.356756413933
    R3Indicator: 6747.609124527029
RS:
    Hypervolume: 0.0
    GenerationalDistance: 6.4668104239083
    InvertedGenerationalDistance: 8.572894603323107
    AdditiveEpsilonIndicator: 9.047871557528671
    MaximumParetoFrontError: 10.11879400569176
    Spacing: 0.0
    Contribution: 0.0
    R1Indicator: 0.0
    R2Indicator: 9414.816993706992
    R3Indicator: 11144.485654829436
KRRGZ:
    Hypervolume: 0.5782953933987043
    GenerationalDistance: 5.863901528831747E-4
    InvertedGenerationalDistance: 0.0031026317706226453
    AdditiveEpsilonIndicator: 0.01926506884610639
    MaximumParetoFrontError: 0.04426132840182129
    Spacing: 2.5255809994285925
    Contribution: 0.45108695652173914
    R1Indicator: 0.0
    R2Indicator: 5700.578915222337
    R3Indicator: 6747.872109767792
