NSGAIIITA:
    Hypervolume: 0.7641603433652752
    GenerationalDistance: 2.816452101621885E-4
    InvertedGenerationalDistance: 0.0011471643124858284
    AdditiveEpsilonIndicator: 0.016384215413536223
    MaximumParetoFrontError: 0.10984274028903926
    Spacing: 211.17262885495632
    Contribution: 0.9235955056179775
    R1Indicator: 0.0
    R2Indicator: 76880.23341065273
    R3Indicator: 86480.15171309447
RS:
    Hypervolume: 0.0
    GenerationalDistance: 0.23962574425122982
    InvertedGenerationalDistance: 1.0667061812701362
    AdditiveEpsilonIndicator: 1.3399163692287075
    MaximumParetoFrontError: 1.0112453152264738
    Spacing: 1935.3049321093908
    Contribution: 0.0
    R1Indicator: 0.0
    R2Indicator: 99783.89280740882
    R3Indicator: 112243.78812288071
KRRGZ:
    Hypervolume: 0.7433666029892506
    GenerationalDistance: 0.0010237966558183265
    InvertedGenerationalDistance: 0.018191545605602114
    AdditiveEpsilonIndicator: 0.05848422874710714
    MaximumParetoFrontError: 0.026915664695476113
    Spacing: 110.09892798577516
    Contribution: 0.07640449438202247
    R1Indicator: 0.0
    R2Indicator: 77879.87798283016
    R3Indicator: 87604.62744387276
