NSGAIIITA:
    Hypervolume: 0.28199374260029125
    GenerationalDistance: 0.06250556141066209
    InvertedGenerationalDistance: 0.4188549771775729
    AdditiveEpsilonIndicator: 0.6689985706108557
    MaximumParetoFrontError: 0.921215069565381
    Spacing: 1670.3581410886661
    Contribution: 0.0
    R1Indicator: 0.0
    R2Indicator: 87227.29200506899
    R3Indicator: 99148.54889921215
RS:
    Hypervolume: 0.0
    GenerationalDistance: 0.2885113195595439
    InvertedGenerationalDistance: 1.221851107258056
    AdditiveEpsilonIndicator: 1.5403319507136324
    MaximumParetoFrontError: 0.817631847512727
    Spacing: 364.39974746974065
    Contribution: 0.0
    R1Indicator: 0.0
    R2Indicator: 99364.49135430202
    R3Indicator: 112944.52385088884
KRRGZ:
    Hypervolume: 0.7232704777236469
    GenerationalDistance: 0.0
    InvertedGenerationalDistance: 0.0
    AdditiveEpsilonIndicator: 0.0
    MaximumParetoFrontError: 0.0
    Spacing: 70.91964112857414
    Contribution: 1.0
    R1Indicator: 0.0
    R2Indicator: 77908.66971612193
    R3Indicator: 88556.34046825864
