NSGAIIITA:
    Hypervolume: 0.7499437416872358
    GenerationalDistance: 3.774114128435951E-4
    InvertedGenerationalDistance: 0.002450622132446264
    AdditiveEpsilonIndicator: 0.023386135291402658
    MaximumParetoFrontError: 0.11245775866551674
    Spacing: 84.88041087278039
    Contribution: 0.8775510204081632
    R1Indicator: 0.0
    R2Indicator: 77445.3505536009
    R3Indicator: 87285.2079201888
RS:
    Hypervolume: 0.0
    GenerationalDistance: 0.35916660043427706
    InvertedGenerationalDistance: 1.0607805740869738
    AdditiveEpsilonIndicator: 1.335109132686506
    MaximumParetoFrontError: 1.348064435946371
    Spacing: 1289.1506054586234
    Contribution: 0.0
    R1Indicator: 0.0
    R2Indicator: 98088.04550380881
    R3Indicator: 110550.69722175624
KRRGZ:
    Hypervolume: 0.7296744618664986
    GenerationalDistance: 0.0012380020868895537
    InvertedGenerationalDistance: 0.019163204134050114
    AdditiveEpsilonIndicator: 0.02838995741464634
    MaximumParetoFrontError: 0.050195663529499404
    Spacing: 83.51584977362256
    Contribution: 0.12244897959183673
    R1Indicator: 0.0
    R2Indicator: 77828.68224972102
    R3Indicator: 87717.24623921793
