NSGAIIITA:
    Hypervolume: 0.7248815626981425
    GenerationalDistance: 0.0010047718718876864
    InvertedGenerationalDistance: 7.109319136013651E-4
    AdditiveEpsilonIndicator: 0.008558794840947015
    MaximumParetoFrontError: 0.4211874052489189
    Spacing: 616.0322462929734
    Contribution: 0.9211136890951276
    R1Indicator: 0.0
    R2Indicator: 76996.40066618189
    R3Indicator: 87547.93210460794
RS:
    Hypervolume: 0.0
    GenerationalDistance: 0.2784624315499313
    InvertedGenerationalDistance: 1.0289401114039607
    AdditiveEpsilonIndicator: 1.3460247238698277
    MaximumParetoFrontError: 1.5692916961833623
    Spacing: 4564.28021134763
    Contribution: 0.0
    R1Indicator: 0.0
    R2Indicator: 96489.48316336198
    R3Indicator: 109712.36141482403
KRRGZ:
    Hypervolume: 0.6969388445991332
    GenerationalDistance: 0.001309315623731354
    InvertedGenerationalDistance: 0.020892804660037387
    AdditiveEpsilonIndicator: 0.032170538496349765
    MaximumParetoFrontError: 0.04208911109779336
    Spacing: 64.56566379843669
    Contribution: 0.07888631090487239
    R1Indicator: 0.0
    R2Indicator: 77389.42369300674
    R3Indicator: 87994.81663623836
