NSGAIIITA:
    Hypervolume: 0.7876046977391068
    GenerationalDistance: 0.0
    InvertedGenerationalDistance: 0.0
    AdditiveEpsilonIndicator: 0.0
    MaximumParetoFrontError: 0.0
    Spacing: 344.17831664642955
    Contribution: 1.0
    R1Indicator: 0.0
    R2Indicator: 213653.04242749535
    R3Indicator: 237485.0686029455
RS:
    Hypervolume: 0.0
    GenerationalDistance: 6.887171307007354
    InvertedGenerationalDistance: 14.647830989997018
    AdditiveEpsilonIndicator: 14.056461443517703
    MaximumParetoFrontError: 17.290680425155124
    Spacing: 29206.138563983717
    Contribution: 0.0
    R1Indicator: 0.0
    R2Indicator: 596331.7585575475
    R3Indicator: 662849.6803268333
KRRGZ:
    Hypervolume: 0.09963594081830242
    GenerationalDistance: 0.16186989171053145
    InvertedGenerationalDistance: 0.6257649253513907
    AdditiveEpsilonIndicator: 0.6871968601330614
    MaximumParetoFrontError: 1.4285819855383084
    Spacing: 2914.4523471680527
    Contribution: 0.0
    R1Indicator: 0.0
    R2Indicator: 231495.01528159698
    R3Indicator: 257317.22255512176
