NSGAIIITA:
    Hypervolume: 0.8797300477054939
    GenerationalDistance: 0.0
    InvertedGenerationalDistance: 0.0
    AdditiveEpsilonIndicator: 0.0
    MaximumParetoFrontError: 0.0
    Spacing: 744.8123922060478
    Contribution: 1.0
    R1Indicator: 0.0
    R2Indicator: 327194.9620623886
    R3Indicator: 350634.3514296494
RS:
    Hypervolume: 0.0
    GenerationalDistance: 10.036309878685463
    InvertedGenerationalDistance: 22.797558093873473
    AdditiveEpsilonIndicator: 21.878324520123055
    MaximumParetoFrontError: 25.43676223803719
    Spacing: 5806.411941690221
    Contribution: 0.0
    R1Indicator: 0.0
    R2Indicator: 1008700.3336170978
    R3Indicator: 1080960.3063503178
KRRGZ:
    Hypervolume: 0.0
    GenerationalDistance: 0.6910615842896078
    InvertedGenerationalDistance: 1.9768198269536832
    AdditiveEpsilonIndicator: 1.832787296598739
    MaximumParetoFrontError: 5.194709184244305
    Spacing: 15180.34052109335
    Contribution: 0.0
    R1Indicator: 0.0
    R2Indicator: 383477.3700274925
    R3Indicator: 410948.6149774831
