NSGAIIITA:
    Hypervolume: 0.6932354851478493
    GenerationalDistance: 6.250383454119022E-4
    InvertedGenerationalDistance: 0.0013235387879315908
    AdditiveEpsilonIndicator: 0.013931849159596332
    MaximumParetoFrontError: 0.15874882656098088
    Spacing: 80.96198505900053
    Contribution: 0.7890295358649789
    R1Indicator: 0.0
    R2Indicator: 42787.77026771805
    R3Indicator: 49222.846825625515
RS:
    Hypervolume: 0.0
    GenerationalDistance: 0.30385298116059506
    InvertedGenerationalDistance: 1.071221455742546
    AdditiveEpsilonIndicator: 1.3503696569447217
    MaximumParetoFrontError: 1.2924192684043156
    Spacing: 826.8184256151247
    Contribution: 0.0
    R1Indicator: 0.0
    R2Indicator: 53701.38819907063
    R3Indicator: 61777.854373126254
KRRGZ:
    Hypervolume: 0.6917441634907139
    GenerationalDistance: 1.1741650456818854E-4
    InvertedGenerationalDistance: 0.00270058965767761
    AdditiveEpsilonIndicator: 0.03182459413765886
    MaximumParetoFrontError: 0.010016827033378492
    Spacing: 43.55638088985605
    Contribution: 0.2109704641350211
    R1Indicator: 0.0
    R2Indicator: 43044.957357069325
    R3Indicator: 49518.71696147492
