NSGAIIITA:
    Hypervolume: 0.8283037845644813
    GenerationalDistance: 0.0
    InvertedGenerationalDistance: 0.0
    AdditiveEpsilonIndicator: 0.0
    MaximumParetoFrontError: 0.0
    Spacing: 467.7110904605451
    Contribution: 1.0
    R1Indicator: 0.0
    R2Indicator: 215813.55557266658
    R3Indicator: 235547.71084228397
RS:
    Hypervolume: 0.0
    GenerationalDistance: 5.603139200076641
    InvertedGenerationalDistance: 12.489489696886555
    AdditiveEpsilonIndicator: 11.980034620104899
    MaximumParetoFrontError: 13.838629944523683
    Spacing: 42943.35276762467
    Contribution: 0.0
    R1Indicator: 0.0
    R2Indicator: 580893.3226604364
    R3Indicator: 634010.4925941841
KRRGZ:
    Hypervolume: 0.09010162720607649
    GenerationalDistance: 0.14371086330678814
    InvertedGenerationalDistance: 0.6541052598766597
    AdditiveEpsilonIndicator: 0.6592913145955885
    MaximumParetoFrontError: 0.8395618495423565
    Spacing: 1660.8111962436633
    Contribution: 0.0
    R1Indicator: 0.0
    R2Indicator: 235904.84704943467
    R3Indicator: 257476.15323790855
