NSGAIIITA:
    Hypervolume: 0.8113164028749064
    GenerationalDistance: 0.0
    InvertedGenerationalDistance: 0.0
    AdditiveEpsilonIndicator: 0.0
    MaximumParetoFrontError: 0.0
    Spacing: 406.8473074635581
    Contribution: 1.0
    R1Indicator: 0.0
    R2Indicator: 208768.16642652368
    R3Indicator: 230727.97005443517
RS:
    Hypervolume: 0.0
    GenerationalDistance: 5.939400817110159
    InvertedGenerationalDistance: 10.514525240618953
    AdditiveEpsilonIndicator: 9.51512058175836
    MaximumParetoFrontError: 10.79071719399728
    Spacing: 12122.763030679562
    Contribution: 0.0
    R1Indicator: 0.0
    R2Indicator: 457679.4088818671
    R3Indicator: 505821.4298894222
KRRGZ:
    Hypervolume: 0.037397914344609526
    GenerationalDistance: 0.13467423322592134
    InvertedGenerationalDistance: 0.7514776803741977
    AdditiveEpsilonIndicator: 0.8143123325209142
    MaximumParetoFrontError: 1.2061766819785404
    Spacing: 3294.021293186875
    Contribution: 0.0
    R1Indicator: 0.0
    R2Indicator: 230070.21330891104
    R3Indicator: 254270.7139328378
