NSGAIIITA:
    Hypervolume: 0.8890137276119365
    GenerationalDistance: 7.388628595501773E-5
    InvertedGenerationalDistance: 0.005806589157747739
    AdditiveEpsilonIndicator: 0.00877029327458537
    MaximumParetoFrontError: 0.0072123379765087845
    Spacing: 966.2066419120076
    Contribution: 0.9577464788732394
    R1Indicator: 0.0
    R2Indicator: 186058.73058422992
    R3Indicator: 200215.5486254991
RS:
    Hypervolume: 0.0
    GenerationalDistance: 1.0743713118962865
    InvertedGenerationalDistance: 2.4991848435919333
    AdditiveEpsilonIndicator: 2.45829869704345
    MaximumParetoFrontError: 3.7714229209353904
    Spacing: 21314.671812169323
    Contribution: 0.0
    R1Indicator: 0.0
    R2Indicator: 305026.32556691964
    R3Indicator: 328235.0651067666
KRRGZ:
    Hypervolume: 0.7472147612350923
    GenerationalDistance: 0.012778783710797308
    InvertedGenerationalDistance: 0.10799024546888739
    AdditiveEpsilonIndicator: 0.1251981468111749
    MaximumParetoFrontError: 0.13911003483156195
    Spacing: 1241.5000321180692
    Contribution: 0.04225352112676056
    R1Indicator: 0.0
    R2Indicator: 191989.88754777872
    R3Indicator: 206597.99737825835
