NSGAIIITA:
    Hypervolume: 0.6011225291230008
    GenerationalDistance: 2.4364096625120412E-4
    InvertedGenerationalDistance: 0.0019051023942506424
    AdditiveEpsilonIndicator: 0.01632324922121431
    MaximumParetoFrontError: 0.01999958307256921
    Spacing: 2.042607990369733
    Contribution: 0.6717171717171717
    R1Indicator: 0.0
    R2Indicator: 5700.360413700121
    R3Indicator: 6718.50039840122
RS:
    Hypervolume: 0.0
    GenerationalDistance: 5.108967092482112
    InvertedGenerationalDistance: 7.643826262200817
    AdditiveEpsilonIndicator: 8.055836149660221
    MaximumParetoFrontError: 7.361687744411829
    Spacing: 0.0
    Contribution: 0.0
    R1Indicator: 0.0
    R2Indicator: 9158.728934575765
    R3Indicator: 10794.574397899292
KRRGZ:
    Hypervolume: 0.5995166426211739
    GenerationalDistance: 5.417007304935251E-4
    InvertedGenerationalDistance: 0.0020040716925122395
    AdditiveEpsilonIndicator: 0.028555432666119186
    MaximumParetoFrontError: 0.03584538455077028
    Spacing: 2.4920378345231917
    Contribution: 0.601010101010101
    R1Indicator: 0.0
    R2Indicator: 5700.360627248071
    R3Indicator: 6718.500612387566
