RS:
    Hypervolume: 0.0
    GenerationalDistance: 4.598020106957648
    InvertedGenerationalDistance: 7.218089367907141
    AdditiveEpsilonIndicator: 7.645230431342709
    MaximumParetoFrontError: 9.000784131941849
    Spacing: 253.67474663716348
    Contribution: 0.0
    R1Indicator: 0.0
    R2Indicator: 9219.225324118303
    R3Indicator: 10782.511117875067
NSGAIIITAGLS:
    Hypervolume: 0.5977412690585535
    GenerationalDistance: 0.0017652059939146285
    InvertedGenerationalDistance: 0.02346761288991477
    AdditiveEpsilonIndicator: 0.09060837031279466
    MaximumParetoFrontError: 0.03489461579049352
    Spacing: 3.489477205600331
    Contribution: 0.06842105263157895
    R1Indicator: 0.0
    R2Indicator: 5743.723817637163
    R3Indicator: 6717.673601599348
KRRGZ:
    Hypervolume: 0.6286176450653972
    GenerationalDistance: 5.656996503177096E-4
    InvertedGenerationalDistance: 3.7351641344192393E-4
    AdditiveEpsilonIndicator: 0.0072734038430735115
    MaximumParetoFrontError: 0.06388129982206903
    Spacing: 3.4179509724778137
    Contribution: 0.9315789473684211
    R1Indicator: 0.0
    R2Indicator: 5702.041043840215
    R3Indicator: 6668.922475347138
