NSGAIIITA:
    Hypervolume: 0.7873524108316946
    GenerationalDistance: 0.0
    InvertedGenerationalDistance: 0.0
    AdditiveEpsilonIndicator: 0.0
    MaximumParetoFrontError: 0.0
    Spacing: 281.62280417812207
    Contribution: 1.0
    R1Indicator: 0.0
    R2Indicator: 213223.52148727112
    R3Indicator: 237219.42075428786
RS:
    Hypervolume: 0.0
    GenerationalDistance: 10.441082090840856
    InvertedGenerationalDistance: 16.221956973303975
    AdditiveEpsilonIndicator: 16.392699734274423
    MaximumParetoFrontError: 25.027246974770684
    Spacing: 23462.004611574517
    Contribution: 0.0
    R1Indicator: 0.0
    R2Indicator: 569900.1870673827
    R3Indicator: 634035.8412403227
KRRGZ:
    Hypervolume: 1.1686958068057629E-4
    GenerationalDistance: 0.18341521503323532
    InvertedGenerationalDistance: 0.8201843845484766
    AdditiveEpsilonIndicator: 0.997818284469486
    MaximumParetoFrontError: 1.2259443229609228
    Spacing: 1139.2921357746316
    Contribution: 0.0
    R1Indicator: 0.0
    R2Indicator: 234934.35037651545
    R3Indicator: 261373.5434255772
