NSGAIIITA:
    Hypervolume: 0.5851005254643401
    GenerationalDistance: 4.265980198357337E-4
    InvertedGenerationalDistance: 0.0016442860734896504
    AdditiveEpsilonIndicator: 0.02698231151561608
    MaximumParetoFrontError: 0.031447005090388315
    Spacing: 2.1338833186867694
    Contribution: 0.7712765957446809
    R1Indicator: 0.0
    R2Indicator: 5700.357494107692
    R3Indicator: 6741.116564717082
RS:
    Hypervolume: 0.0
    GenerationalDistance: 4.993401797063339
    InvertedGenerationalDistance: 9.006098998755926
    AdditiveEpsilonIndicator: 9.42396727387714
    MaximumParetoFrontError: 8.781025996267061
    Spacing: 84.81961678304198
    Contribution: 0.0
    R1Indicator: 0.0
    R2Indicator: 9587.784336877668
    R3Indicator: 11338.307436050158
KRRGZ:
    Hypervolume: 0.5832205301889049
    GenerationalDistance: 0.001176798659711649
    InvertedGenerationalDistance: 0.0028810863153012995
    AdditiveEpsilonIndicator: 0.019063024361479608
    MaximumParetoFrontError: 0.20065632929353905
    Spacing: 10.449627101892096
    Contribution: 0.46808510638297873
    R1Indicator: 0.0
    R2Indicator: 5700.357333899205
    R3Indicator: 6741.11640421941
