NSGAIIITA:
    Hypervolume: 0.7409318373642125
    GenerationalDistance: 8.44471796676946E-4
    InvertedGenerationalDistance: 0.0019784302302575567
    AdditiveEpsilonIndicator: 0.016941386982458135
    MaximumParetoFrontError: 0.1694236138570216
    Spacing: 48.57318271575424
    Contribution: 0.850632911392405
    R1Indicator: 0.0
    R2Indicator: 42939.60224585238
    R3Indicator: 48711.50241587053
RS:
    Hypervolume: 0.0
    GenerationalDistance: 0.2922374595093841
    InvertedGenerationalDistance: 1.0642389885983896
    AdditiveEpsilonIndicator: 1.3958993626344143
    MaximumParetoFrontError: 1.9142302505654027
    Spacing: 1507.4739380863557
    Contribution: 0.0
    R1Indicator: 0.0
    R2Indicator: 53066.401140911454
    R3Indicator: 60199.56169396507
KRRGZ:
    Hypervolume: 0.7381727194602474
    GenerationalDistance: 2.06337417176006E-4
    InvertedGenerationalDistance: 0.003250941004031033
    AdditiveEpsilonIndicator: 0.00898255438964771
    MaximumParetoFrontError: 0.03816023643492437
    Spacing: 25.718030229754802
    Contribution: 0.14936708860759493
    R1Indicator: 0.0
    R2Indicator: 42928.9958849124
    R3Indicator: 48699.469743835965
