NSGAIIITA:
    Hypervolume: 0.8615499598870748
    GenerationalDistance: 0.0
    InvertedGenerationalDistance: 0.0
    AdditiveEpsilonIndicator: 0.0
    MaximumParetoFrontError: 0.0
    Spacing: 1197.9013371082267
    Contribution: 1.0
    R1Indicator: 0.0
    R2Indicator: 327092.9262244846
    R3Indicator: 353728.1993556926
RS:
    Hypervolume: 0.0
    GenerationalDistance: 12.565720447941478
    InvertedGenerationalDistance: 23.396126192366555
    AdditiveEpsilonIndicator: 22.917660016156574
    MaximumParetoFrontError: 29.71188817626067
    Spacing: 134996.65171807786
    Contribution: 0.0
    R1Indicator: 0.0
    R2Indicator: 932551.2983993934
    R3Indicator: 1008488.4967571823
KRRGZ:
    Hypervolume: 0.0
    GenerationalDistance: 0.5771114992168735
    InvertedGenerationalDistance: 2.1429494341824786
    AdditiveEpsilonIndicator: 2.1629612287987974
    MaximumParetoFrontError: 2.995019873847134
    Spacing: 3225.0037228392857
    Contribution: 0.0
    R1Indicator: 0.0
    R2Indicator: 384235.87622376025
    R3Indicator: 415524.2485413418
