NSGAIIITA:
    Hypervolume: 0.7011058458640724
    GenerationalDistance: 6.359359395833267E-4
    InvertedGenerationalDistance: 0.001272997233470306
    AdditiveEpsilonIndicator: 0.01367966339597572
    MaximumParetoFrontError: 0.23376723105344088
    Spacing: 197.81339992268326
    Contribution: 0.8329519450800915
    R1Indicator: 0.0
    R2Indicator: 43112.24018503928
    R3Indicator: 49518.25749754712
RS:
    Hypervolume: 0.0
    GenerationalDistance: 0.21503374884383808
    InvertedGenerationalDistance: 1.088446090262699
    AdditiveEpsilonIndicator: 1.3650683541809152
    MaximumParetoFrontError: 0.9825894601581285
    Spacing: 273.64041878731445
    Contribution: 0.0
    R1Indicator: 0.0
    R2Indicator: 53566.711364532006
    R3Indicator: 61526.176565399
KRRGZ:
    Hypervolume: 0.6953072662820509
    GenerationalDistance: 2.1849510222950497E-4
    InvertedGenerationalDistance: 0.003614364692146624
    AdditiveEpsilonIndicator: 0.01621118824118086
    MaximumParetoFrontError: 0.022609390136194056
    Spacing: 34.054877109700264
    Contribution: 0.16704805491990846
    R1Indicator: 0.0
    R2Indicator: 43006.422542801396
    R3Indicator: 49396.71485914845
