NSGAIIITA:
    Hypervolume: 0.7243969934890412
    GenerationalDistance: 1.1195605636119888E-4
    InvertedGenerationalDistance: 0.0010740668500961372
    AdditiveEpsilonIndicator: 0.014621759636385082
    MaximumParetoFrontError: 0.01615164275363111
    Spacing: 54.51758016135292
    Contribution: 0.7414141414141414
    R1Indicator: 0.0
    R2Indicator: 42677.35603523879
    R3Indicator: 48620.94060996087
RS:
    Hypervolume: 0.0
    GenerationalDistance: 0.3239306250430718
    InvertedGenerationalDistance: 1.1214115120110029
    AdditiveEpsilonIndicator: 1.3663709946722422
    MaximumParetoFrontError: 0.6903690838554091
    Spacing: 667.6784988450211
    Contribution: 0.0
    R1Indicator: 0.0
    R2Indicator: 52997.01443328655
    R3Indicator: 60377.83202286564
KRRGZ:
    Hypervolume: 0.7230447508093298
    GenerationalDistance: 1.2817488453770366E-4
    InvertedGenerationalDistance: 0.004497840559932927
    AdditiveEpsilonIndicator: 0.026492485755983827
    MaximumParetoFrontError: 0.027503812878187928
    Spacing: 31.244085192041542
    Contribution: 0.2585858585858586
    R1Indicator: 0.0
    R2Indicator: 42877.42180195002
    R3Indicator: 48848.87264709083
