RS:
    Hypervolume: 0.0
    GenerationalDistance: 0.7091744803480804
    InvertedGenerationalDistance: 1.8256813804785312
    AdditiveEpsilonIndicator: 1.7731646887198098
    MaximumParetoFrontError: 2.5830136072053502
    Spacing: 18035.92178116374
    Contribution: 0.0
    R1Indicator: 0.0
    R2Indicator: 286731.8557104559
    R3Indicator: 310337.2236504826
NSGAIIITAGLS:
    Hypervolume: 0.0
    GenerationalDistance: 0.8987110753926512
    InvertedGenerationalDistance: 1.7035250626005898
    AdditiveEpsilonIndicator: 1.8620716062111848
    MaximumParetoFrontError: 2.0250687890804517
    Spacing: 21020.569939940942
    Contribution: 0.0
    R1Indicator: 0.0
    R2Indicator: 291572.7916015233
    R3Indicator: 315576.72599624307
KRRGZ:
    Hypervolume: 0.8741529975373215
    GenerationalDistance: 0.0
    InvertedGenerationalDistance: 0.0
    AdditiveEpsilonIndicator: 0.0
    MaximumParetoFrontError: 0.0
    Spacing: 1987.9571144071306
    Contribution: 1.0
    R1Indicator: 0.0
    R2Indicator: 190174.9395055917
    R3Indicator: 205831.26665712593
