NSGAIIITA:
    Hypervolume: 0.8431953849384528
    GenerationalDistance: 0.0
    InvertedGenerationalDistance: 0.0
    AdditiveEpsilonIndicator: 0.0
    MaximumParetoFrontError: 0.0
    Spacing: 1881.0223196363957
    Contribution: 1.0
    R1Indicator: 0.0
    R2Indicator: 326856.10626281286
    R3Indicator: 355826.0915661979
RS:
    Hypervolume: 0.0
    GenerationalDistance: 18.80006164955351
    InvertedGenerationalDistance: 35.62448622978599
    AdditiveEpsilonIndicator: 32.45660899443577
    MaximumParetoFrontError: 40.876434880630164
    Spacing: 83519.33806232903
    Contribution: 0.0
    R1Indicator: 0.0
    R2Indicator: 984151.2555627167
    R3Indicator: 1071377.844681172
KRRGZ:
    Hypervolume: 0.0
    GenerationalDistance: 1.0618146127771084
    InvertedGenerationalDistance: 3.4418412611717026
    AdditiveEpsilonIndicator: 2.783017819313492
    MaximumParetoFrontError: 7.264517182185301
    Spacing: 6576.904823216864
    Contribution: 0.0
    R1Indicator: 0.0
    R2Indicator: 378782.5416447722
    R3Indicator: 412354.81342707115
