NSGAIIITA:
    Hypervolume: 0.7380168570782963
    GenerationalDistance: 3.618883466828195E-4
    InvertedGenerationalDistance: 0.0028784772452341576
    AdditiveEpsilonIndicator: 0.014475504818098497
    MaximumParetoFrontError: 0.13510583699117396
    Spacing: 171.66459851857775
    Contribution: 0.7036328871892925
    R1Indicator: 0.0
    R2Indicator: 42807.96688265827
    R3Indicator: 48633.76320171925
RS:
    Hypervolume: 0.0
    GenerationalDistance: 0.28889708841463657
    InvertedGenerationalDistance: 1.0066852499827283
    AdditiveEpsilonIndicator: 1.2552055834161142
    MaximumParetoFrontError: 1.4998236431177099
    Spacing: 1162.073922732463
    Contribution: 0.0
    R1Indicator: 0.0
    R2Indicator: 52309.86186505232
    R3Indicator: 59428.81174113371
KRRGZ:
    Hypervolume: 0.734881452290432
    GenerationalDistance: 1.6562062087715162E-4
    InvertedGenerationalDistance: 0.001675319668072111
    AdditiveEpsilonIndicator: 0.012697682313763461
    MaximumParetoFrontError: 0.01679292430248839
    Spacing: 30.74347343605802
    Contribution: 0.29636711281070743
    R1Indicator: 0.0
    R2Indicator: 42697.12183528876
    R3Indicator: 48507.831100317126
