RS:
    Hypervolume: 0.0
    GenerationalDistance: 0.1944263281199869
    InvertedGenerationalDistance: 1.0324658409668415
    AdditiveEpsilonIndicator: 1.328834051825356
    MaximumParetoFrontError: 1.2645186236917259
    Spacing: 1389.8568482384508
    Contribution: 0.0
    R1Indicator: 0.0
    R2Indicator: 98707.56196363767
    R3Indicator: 111135.17697076705
NSGAIIITAGLS:
    Hypervolume: 0.617334337028305
    GenerationalDistance: 0.0029432535519590907
    InvertedGenerationalDistance: 0.14809673287738093
    AdditiveEpsilonIndicator: 0.3129466119115284
    MaximumParetoFrontError: 0.09178644600735669
    Spacing: 140.22266207976006
    Contribution: 0.02112676056338028
    R1Indicator: 0.0
    R2Indicator: 82615.58305403008
    R3Indicator: 93017.16339126561
KRRGZ:
    Hypervolume: 0.7622270293156788
    GenerationalDistance: 6.780036044575947E-5
    InvertedGenerationalDistance: 4.8455533694577975E-5
    AdditiveEpsilonIndicator: 0.0022097175035305228
    MaximumParetoFrontError: 0.011707821158947846
    Spacing: 126.83884058461432
    Contribution: 0.9788732394366197
    R1Indicator: 0.0
    R2Indicator: 77658.56503048391
    R3Indicator: 87436.02090683159
