NSGAIIITA:
    Hypervolume: 0.8260553979722398
    GenerationalDistance: 0.0
    InvertedGenerationalDistance: 0.0
    AdditiveEpsilonIndicator: 0.0
    MaximumParetoFrontError: 0.0
    Spacing: 924.5871980828214
    Contribution: 1.0
    R1Indicator: 0.0
    R2Indicator: 325804.2932926775
    R3Indicator: 356581.72915444034
RS:
    Hypervolume: 0.0
    GenerationalDistance: 10.822680038347563
    InvertedGenerationalDistance: 17.648349349081748
    AdditiveEpsilonIndicator: 15.785210808853002
    MaximumParetoFrontError: 20.352921347081427
    Spacing: 23308.180558095133
    Contribution: 0.0
    R1Indicator: 0.0
    R2Indicator: 982155.5485100086
    R3Indicator: 1074935.0139820203
KRRGZ:
    Hypervolume: 0.0
    GenerationalDistance: 0.7794689397210826
    InvertedGenerationalDistance: 1.7852207114767915
    AdditiveEpsilonIndicator: 1.5301372883423028
    MaximumParetoFrontError: 2.951784811572419
    Spacing: 7063.445368880436
    Contribution: 0.0
    R1Indicator: 0.0
    R2Indicator: 381765.0750051141
    R3Indicator: 417828.78867576964
