NSGAIIITA:
    Hypervolume: 0.7808506403150293
    GenerationalDistance: 0.0
    InvertedGenerationalDistance: 0.0
    AdditiveEpsilonIndicator: 0.0
    MaximumParetoFrontError: 0.0
    Spacing: 423.28331163676273
    Contribution: 1.0
    R1Indicator: 0.0
    R2Indicator: 213227.2397601906
    R3Indicator: 236512.08305734704
RS:
    Hypervolume: 0.0
    GenerationalDistance: 11.225343963192842
    InvertedGenerationalDistance: 14.72024356318691
    AdditiveEpsilonIndicator: 14.413726246400616
    MaximumParetoFrontError: 17.37900249686876
    Spacing: 0.0
    Contribution: 0.0
    R1Indicator: 0.0
    R2Indicator: 587242.2614796732
    R3Indicator: 651370.1316279519
KRRGZ:
    Hypervolume: 7.630603401446777E-5
    GenerationalDistance: 0.20216047363528059
    InvertedGenerationalDistance: 0.8176502832959663
    AdditiveEpsilonIndicator: 0.9212056437889042
    MaximumParetoFrontError: 1.2595952410883795
    Spacing: 1596.4284976382914
    Contribution: 0.0
    R1Indicator: 0.0
    R2Indicator: 237131.18167827875
    R3Indicator: 263026.3719688643
