NSGAIIITA:
    Hypervolume: 0.8823779887561962
    GenerationalDistance: 0.0
    InvertedGenerationalDistance: 0.0
    AdditiveEpsilonIndicator: 0.0
    MaximumParetoFrontError: 0.0
    Spacing: 315828.63203718496
    Contribution: 1.0
    R1Indicator: 0.0
    R2Indicator: 7.39961080659556E7
    R3Indicator: 8.003548873767844E7
RS:
    Hypervolume: 0.0
    GenerationalDistance: 10.150236574258654
    InvertedGenerationalDistance: 18.384463738441934
    AdditiveEpsilonIndicator: 18.489989394995735
    MaximumParetoFrontError: 23.8635090577431
    Spacing: 3.986135513896109E7
    Contribution: 0.0
    R1Indicator: 0.0
    R2Indicator: 2.6146054122805846E8
    R3Indicator: 2.828002623576753E8
KRRGZ:
    Hypervolume: 0.0
    GenerationalDistance: 0.6278608001590589
    InvertedGenerationalDistance: 2.263320900924576
    AdditiveEpsilonIndicator: 2.5965780580580464
    MaximumParetoFrontError: 2.6933098074810093
    Spacing: 487724.0385903496
    Contribution: 0.0
    R1Indicator: 0.0
    R2Indicator: 1.0032191837238121E8
    R3Indicator: 1.0850994972556636E8
