NSGAIIITA:
    Hypervolume: 0.0
    GenerationalDistance: 0.1962280971047849
    InvertedGenerationalDistance: 0.7444315477154185
    AdditiveEpsilonIndicator: 1.1603994302770886
    MaximumParetoFrontError: 0.720479021819165
    Spacing: 15338.092880552314
    Contribution: 0.0
    R1Indicator: 0.0
    R2Indicator: 1124239.2753370265
    R3Indicator: 1315255.6392538757
RS:
    Hypervolume: 0.0
    GenerationalDistance: 3.322045983107909
    InvertedGenerationalDistance: 5.888718348327758
    AdditiveEpsilonIndicator: 6.383423327196247
    MaximumParetoFrontError: 5.925496765817395
    Spacing: 134360.5221784065
    Contribution: 0.0
    R1Indicator: 0.0
    R2Indicator: 2348980.389365643
    R3Indicator: 2748090.792883825
KRRGZ:
    Hypervolume: 0.6380232142167387
    GenerationalDistance: 0.0
    InvertedGenerationalDistance: 0.0
    AdditiveEpsilonIndicator: 0.0
    MaximumParetoFrontError: 0.0
    Spacing: 3454.902001956843
    Contribution: 1.0
    R1Indicator: 0.0
    R2Indicator: 852149.3220638592
    R3Indicator: 996933.4785571161
