NSGAIIITA:
    Hypervolume: 0.39423860498963964
    GenerationalDistance: 0.05354892746152467
    InvertedGenerationalDistance: 0.3165706946198453
    AdditiveEpsilonIndicator: 0.5633239728679702
    MaximumParetoFrontError: 0.2770078367921486
    Spacing: 371952.9471033528
    Contribution: 0.1111111111111111
    R1Indicator: 0.0
    R2Indicator: 2.90072587755575E7
    R3Indicator: 3.059886304600399E7
RS:
    Hypervolume: 0.0
    GenerationalDistance: 4.481212567117781
    InvertedGenerationalDistance: 13.697638604224835
    AdditiveEpsilonIndicator: 12.19350266209355
    MaximumParetoFrontError: 13.905603913653534
    Spacing: 2453281.322636508
    Contribution: 0.0
    R1Indicator: 0.0
    R2Indicator: 9.513129324669038E7
    R3Indicator: 1.0035105254144786E8
KRRGZ:
    Hypervolume: 0.8808285905784529
    GenerationalDistance: 0.018350429895070467
    InvertedGenerationalDistance: 0.0023578935675621247
    AdditiveEpsilonIndicator: 0.01836795533308755
    MaximumParetoFrontError: 0.14795344874848962
    Spacing: 730027.6508975469
    Contribution: 0.8888888888888888
    R1Indicator: 0.0
    R2Indicator: 2.5804471403937336E7
    R3Indicator: 2.722034091314592E7
