NSGAIIITA:
    Hypervolume: 0.0
    GenerationalDistance: 1.8302217199452726
    InvertedGenerationalDistance: 3.932432662618085
    AdditiveEpsilonIndicator: 3.7121504017585147
    MaximumParetoFrontError: 4.719391952436776
    Spacing: 1.363299233923868E7
    Contribution: 0.0
    R1Indicator: 0.0
    R2Indicator: 1.6165276531904456E8
    R3Indicator: 1.7848480809088945E8
RS:
    Hypervolume: 0.0
    GenerationalDistance: 3.795511971206151
    InvertedGenerationalDistance: 5.769423172744173
    AdditiveEpsilonIndicator: 5.426937633848453
    MaximumParetoFrontError: 5.378102437874522
    Spacing: 0.0
    Contribution: 0.0
    R1Indicator: 0.0
    R2Indicator: 2.0558033950482747E8
    R3Indicator: 2.2698631019985768E8
KRRGZ:
    Hypervolume: 0.8198166120408411
    GenerationalDistance: 0.0
    InvertedGenerationalDistance: 0.0
    AdditiveEpsilonIndicator: 0.0
    MaximumParetoFrontError: 0.0
    Spacing: 1053971.0555764572
    Contribution: 1.0
    R1Indicator: 0.0
    R2Indicator: 6.655907795467494E7
    R3Indicator: 7.348953737656468E7
