NSGAIIITA:
    Hypervolume: 0.8621969903215001
    GenerationalDistance: 0.0
    InvertedGenerationalDistance: 0.07641824710174702
    AdditiveEpsilonIndicator: 0.047996928639394594
    MaximumParetoFrontError: 0.0
    Spacing: 24206.24096755692
    Contribution: 0.8658536585365854
    R1Indicator: 0.0
    R2Indicator: 9538074.560243143
    R3Indicator: 1.0261221950683573E7
RS:
    Hypervolume: 0.0
    GenerationalDistance: 5.407316810318682
    InvertedGenerationalDistance: 6.111190393352244
    AdditiveEpsilonIndicator: 6.274944066955027
    MaximumParetoFrontError: 5.407316810318682
    Spacing: 0.0
    Contribution: 0.0
    R1Indicator: 0.0
    R2Indicator: 4.197546027783534E7
    R3Indicator: 4.5157916477375574E7
KRRGZ:
    Hypervolume: 0.34883801657243396
    GenerationalDistance: 0.06250508594105361
    InvertedGenerationalDistance: 0.4363266462739665
    AdditiveEpsilonIndicator: 0.5741256686531709
    MaximumParetoFrontError: 0.5457476830282497
    Spacing: 139623.47233751908
    Contribution: 0.13414634146341464
    R1Indicator: 0.0
    R2Indicator: 1.250591233465467E7
    R3Indicator: 1.345407404763707E7
