NSGAIIITA:
    Hypervolume: 0.0
    GenerationalDistance: 13.701080773311041
    InvertedGenerationalDistance: 25.182075120525194
    AdditiveEpsilonIndicator: 25.270081113883233
    MaximumParetoFrontError: 29.42800516192903
    Spacing: 5264458.344091395
    Contribution: 0.0
    R1Indicator: 0.0
    R2Indicator: 1.867516045881116E8
    R3Indicator: 2.0680968080691016E8
RS:
    Hypervolume: 0.0
    GenerationalDistance: 23.033319211433952
    InvertedGenerationalDistance: 36.622714801848474
    AdditiveEpsilonIndicator: 36.38885513316865
    MaximumParetoFrontError: 45.36385400761988
    Spacing: 2.692974783915144E7
    Contribution: 0.0
    R1Indicator: 0.0
    R2Indicator: 2.2845266227204195E8
    R3Indicator: 2.529896072793249E8
KRRGZ:
    Hypervolume: 0.7462203189382187
    GenerationalDistance: 0.0
    InvertedGenerationalDistance: 0.0
    AdditiveEpsilonIndicator: 0.0
    MaximumParetoFrontError: 0.0
    Spacing: 1511640.3115254738
    Contribution: 1.0
    R1Indicator: 0.0
    R2Indicator: 9.197658322427756E7
    R3Indicator: 1.0185535573682927E8
