NSGAIIITA:
    Hypervolume: 0.0
    GenerationalDistance: 1.8854262902972785
    InvertedGenerationalDistance: 2.7082819839605894
    AdditiveEpsilonIndicator: 3.021599706589646
    MaximumParetoFrontError: 3.127247030264303
    Spacing: 0.0
    Contribution: 0.0
    R1Indicator: 0.0
    R2Indicator: 5.182113204825724E7
    R3Indicator: 5.549342185965361E7
RS:
    Hypervolume: 0.0
    GenerationalDistance: 3.3722770698189004
    InvertedGenerationalDistance: 5.040825363955449
    AdditiveEpsilonIndicator: 4.986623723037673
    MaximumParetoFrontError: 5.004720304873807
    Spacing: 0.0
    Contribution: 0.0
    R1Indicator: 0.0
    R2Indicator: 7.059311145292303E7
    R3Indicator: 7.559566579856749E7
KRRGZ:
    Hypervolume: 0.9080276584649426
    GenerationalDistance: 0.0
    InvertedGenerationalDistance: 0.0
    AdditiveEpsilonIndicator: 0.0
    MaximumParetoFrontError: 0.0
    Spacing: 476015.32619139185
    Contribution: 1.0
    R1Indicator: 0.0
    R2Indicator: 2.295571628754406E7
    R3Indicator: 2.458247046525558E7
