NSGAIIITA:
    Hypervolume: 0.0
    GenerationalDistance: 1.1865274038718123
    InvertedGenerationalDistance: 3.1320058501423937
    AdditiveEpsilonIndicator: 3.2014542215367343
    MaximumParetoFrontError: 3.7494365291712217
    Spacing: 7669815.1637441665
    Contribution: 0.0
    R1Indicator: 0.0
    R2Indicator: 5.723496353953244E7
    R3Indicator: 6.126925600811538E7
RS:
    Hypervolume: 0.0
    GenerationalDistance: 2.5526812269973127
    InvertedGenerationalDistance: 4.429451710734319
    AdditiveEpsilonIndicator: 4.573174680734107
    MaximumParetoFrontError: 6.075943966932281
    Spacing: 2495682.494036837
    Contribution: 0.0
    R1Indicator: 0.0
    R2Indicator: 7.204266955102037E7
    R3Indicator: 7.71206911845122E7
KRRGZ:
    Hypervolume: 0.9036839721005632
    GenerationalDistance: 0.0
    InvertedGenerationalDistance: 0.0
    AdditiveEpsilonIndicator: 0.0
    MaximumParetoFrontError: 0.0
    Spacing: 236985.909812725
    Contribution: 1.0
    R1Indicator: 0.0
    R2Indicator: 2.2675721752948444E7
    R3Indicator: 2.4274058098149776E7
