NSGAIIITA:
    Hypervolume: 0.0
    GenerationalDistance: 1.0101228534207345
    InvertedGenerationalDistance: 2.721834975257806
    AdditiveEpsilonIndicator: 2.804103784948765
    MaximumParetoFrontError: 2.365218042525325
    Spacing: 1401651.8014738257
    Contribution: 0.0
    R1Indicator: 0.0
    R2Indicator: 5.878397001735952E7
    R3Indicator: 6.2830430264516145E7
RS:
    Hypervolume: 0.0
    GenerationalDistance: 2.0335343971680935
    InvertedGenerationalDistance: 3.7563592717444894
    AdditiveEpsilonIndicator: 3.9947680575086015
    MaximumParetoFrontError: 3.6884308008803486
    Spacing: 7677804.217120316
    Contribution: 0.0
    R1Indicator: 0.0
    R2Indicator: 7.418823117864439E7
    R3Indicator: 7.929505777634169E7
KRRGZ:
    Hypervolume: 0.9176476775659268
    GenerationalDistance: 0.0
    InvertedGenerationalDistance: 0.0
    AdditiveEpsilonIndicator: 0.0
    MaximumParetoFrontError: 0.0
    Spacing: 303494.86465116014
    Contribution: 1.0
    R1Indicator: 0.0
    R2Indicator: 2.250584489658595E7
    R3Indicator: 2.405506265900017E7
