RS:
    Hypervolume: 0.0
    GenerationalDistance: 4.952611315538893
    InvertedGenerationalDistance: 14.78348049762128
    AdditiveEpsilonIndicator: 13.605912671264543
    MaximumParetoFrontError: 16.38919868353009
    Spacing: 2796354.1450670133
    Contribution: 0.0
    R1Indicator: 0.0
    R2Indicator: 1.0029507268311961E8
    R3Indicator: 1.1001335135660897E8
NSGAIIITAGLS:
    Hypervolume: 0.5766336245232961
    GenerationalDistance: 0.007947078528902269
    InvertedGenerationalDistance: 0.15909410782413747
    AdditiveEpsilonIndicator: 0.3851129291472459
    MaximumParetoFrontError: 0.06252385217080504
    Spacing: 418186.51947822596
    Contribution: 0.4117647058823529
    R1Indicator: 0.0
    R2Indicator: 2.736755407495235E7
    R3Indicator: 3.0019390842718896E7
KRRGZ:
    Hypervolume: 0.8022501752885944
    GenerationalDistance: 0.005818689875863894
    InvertedGenerationalDistance: 0.019483476150560928
    AdditiveEpsilonIndicator: 0.0339262576927104
    MaximumParetoFrontError: 0.06769196572609373
    Spacing: 382970.52065267036
    Contribution: 0.5882352941176471
    R1Indicator: 0.0
    R2Indicator: 2.524323788310204E7
    R3Indicator: 2.7689233991663285E7
