NSGAIIITA:
    Hypervolume: 0.0
    GenerationalDistance: 0.3651389667085129
    InvertedGenerationalDistance: 1.1669383549904198
    AdditiveEpsilonIndicator: 1.540642080642173
    MaximumParetoFrontError: 2.04109885548295
    Spacing: 1629258.2124944683
    Contribution: 0.0
    R1Indicator: 0.0
    R2Indicator: 1.6937369142765526E7
    R3Indicator: 1.8883345009222846E7
RS:
    Hypervolume: 0.0
    GenerationalDistance: 3.76507010741728
    InvertedGenerationalDistance: 4.963814264250738
    AdditiveEpsilonIndicator: 5.358362190703553
    MaximumParetoFrontError: 6.0865426417708655
    Spacing: 0.0
    Contribution: 0.0
    R1Indicator: 0.0
    R2Indicator: 3.162700830717231E7
    R3Indicator: 3.526068949988819E7
KRRGZ:
    Hypervolume: 0.791790916200774
    GenerationalDistance: 0.0
    InvertedGenerationalDistance: 0.0
    AdditiveEpsilonIndicator: 0.0
    MaximumParetoFrontError: 0.0
    Spacing: 107937.75342392073
    Contribution: 1.0
    R1Indicator: 0.0
    R2Indicator: 1.100949437693131E7
    R3Indicator: 1.227439641485791E7
