NSGAIIITA:
    Hypervolume: 0.8865174203543723
    GenerationalDistance: 0.0
    InvertedGenerationalDistance: 0.0
    AdditiveEpsilonIndicator: 0.0
    MaximumParetoFrontError: 0.0
    Spacing: 361511.3740026204
    Contribution: 1.0
    R1Indicator: 0.0
    R2Indicator: 5.244918808275423E7
    R3Indicator: 5.6843635808582574E7
RS:
    Hypervolume: 0.0
    GenerationalDistance: 4.330954736136474
    InvertedGenerationalDistance: 8.947481110351072
    AdditiveEpsilonIndicator: 9.181340492210156
    MaximumParetoFrontError: 11.300887556966305
    Spacing: 1.5041971230627187E7
    Contribution: 0.0
    R1Indicator: 0.0
    R2Indicator: 2.05756394685689E8
    R3Indicator: 2.229956336729124E8
KRRGZ:
    Hypervolume: 0.02780693407551172
    GenerationalDistance: 0.13686276889969456
    InvertedGenerationalDistance: 0.7125475627590613
    AdditiveEpsilonIndicator: 0.9417813536525675
    MaximumParetoFrontError: 1.8314768715371963
    Spacing: 2524436.451884911
    Contribution: 0.0
    R1Indicator: 0.0
    R2Indicator: 6.817468818697257E7
    R3Indicator: 7.388669785509552E7
