NSGAIIITA:
    Hypervolume: 0.780641638816327
    GenerationalDistance: 0.0
    InvertedGenerationalDistance: 0.0
    AdditiveEpsilonIndicator: 0.0
    MaximumParetoFrontError: 0.0
    Spacing: 54513.022398738256
    Contribution: 1.0
    R1Indicator: 0.0
    R2Indicator: 2.054562934558585E7
    R3Indicator: 2.309206405437517E7
RS:
    Hypervolume: 0.0
    GenerationalDistance: 6.387212793384685
    InvertedGenerationalDistance: 8.588917226332038
    AdditiveEpsilonIndicator: 9.002352085627425
    MaximumParetoFrontError: 9.940255942255211
    Spacing: 0.0
    Contribution: 0.0
    R1Indicator: 0.0
    R2Indicator: 6.963902051673892E7
    R3Indicator: 7.827013450623596E7
KRRGZ:
    Hypervolume: 0.003403333460921658
    GenerationalDistance: 0.11818871588166835
    InvertedGenerationalDistance: 0.7279631487402572
    AdditiveEpsilonIndicator: 0.8515109424186132
    MaximumParetoFrontError: 1.4018630789256368
    Spacing: 294796.36538264353
    Contribution: 0.0
    R1Indicator: 0.0
    R2Indicator: 2.5189246911630593E7
    R3Indicator: 2.8311216909503598E7
