NSGAIIITA:
    Hypervolume: 0.0
    GenerationalDistance: 0.5698911925443993
    InvertedGenerationalDistance: 1.9244936994111217
    AdditiveEpsilonIndicator: 2.257637714545648
    MaximumParetoFrontError: 3.3798472379030136
    Spacing: 734525.2909314146
    Contribution: 0.0
    R1Indicator: 0.0
    R2Indicator: 1.755649419782225E7
    R3Indicator: 1.994920965105533E7
RS:
    Hypervolume: 0.0
    GenerationalDistance: 2.8641002196541128
    InvertedGenerationalDistance: 7.001966099221
    AdditiveEpsilonIndicator: 7.23216556072759
    MaximumParetoFrontError: 7.679414232381114
    Spacing: 869784.9903586425
    Contribution: 0.0
    R1Indicator: 0.0
    R2Indicator: 3.2227920959641084E7
    R3Indicator: 3.6620139503719494E7
KRRGZ:
    Hypervolume: 0.7231044287487903
    GenerationalDistance: 0.0
    InvertedGenerationalDistance: 0.0
    AdditiveEpsilonIndicator: 0.0
    MaximumParetoFrontError: 0.0
    Spacing: 34063.566931288864
    Contribution: 1.0
    R1Indicator: 0.0
    R2Indicator: 1.089810146307806E7
    R3Indicator: 1.238336340950485E7
