NSGAIIITA:
    Hypervolume: 0.7884757015694119
    GenerationalDistance: 0.0
    InvertedGenerationalDistance: 0.016604853574836702
    AdditiveEpsilonIndicator: 0.029894201091083886
    MaximumParetoFrontError: 0.0
    Spacing: 17373.291148298285
    Contribution: 0.9506849315068493
    R1Indicator: 0.0
    R2Indicator: 1.281714381458868E7
    R3Indicator: 1.4294453785142805E7
RS:
    Hypervolume: 0.0
    GenerationalDistance: 3.391667024526677
    InvertedGenerationalDistance: 7.372041021240681
    AdditiveEpsilonIndicator: 7.5320127553140015
    MaximumParetoFrontError: 7.113410373526626
    Spacing: 2128691.458699743
    Contribution: 0.0
    R1Indicator: 0.0
    R2Indicator: 5.058757790467995E7
    R3Indicator: 5.641835097840378E7
KRRGZ:
    Hypervolume: 0.6324205507261697
    GenerationalDistance: 0.012091400609785783
    InvertedGenerationalDistance: 0.12736495177114707
    AdditiveEpsilonIndicator: 0.15146077677503098
    MaximumParetoFrontError: 0.16590852772433443
    Spacing: 43938.56778902377
    Contribution: 0.049315068493150684
    R1Indicator: 0.0
    R2Indicator: 1.3576646739363382E7
    R3Indicator: 1.5141500206060493E7
