NSGAIIITA:
    Hypervolume: 0.8213352011845039
    GenerationalDistance: 0.0
    InvertedGenerationalDistance: 0.0
    AdditiveEpsilonIndicator: 0.0
    MaximumParetoFrontError: 0.0
    Spacing: 219775.8813802566
    Contribution: 1.0
    R1Indicator: 0.0
    R2Indicator: 2.0930187265571833E7
    R3Indicator: 2.3209492137362693E7
RS:
    Hypervolume: 0.0
    GenerationalDistance: 5.2587425091992985
    InvertedGenerationalDistance: 7.637520194380244
    AdditiveEpsilonIndicator: 7.9541621506441595
    MaximumParetoFrontError: 7.835718460222678
    Spacing: 0.0
    Contribution: 0.0
    R1Indicator: 0.0
    R2Indicator: 6.925140369245258E7
    R3Indicator: 7.679292178541262E7
KRRGZ:
    Hypervolume: 0.016517388094935546
    GenerationalDistance: 0.11696792256852077
    InvertedGenerationalDistance: 0.7329977332016975
    AdditiveEpsilonIndicator: 0.9230385398734572
    MaximumParetoFrontError: 1.1603047838621028
    Spacing: 190687.2600836845
    Contribution: 0.0
    R1Indicator: 0.0
    R2Indicator: 2.6537568093417868E7
    R3Indicator: 2.942752501485831E7
