NSGAIIITA:
    Hypervolume: 0.8591105617745924
    GenerationalDistance: 0.0
    InvertedGenerationalDistance: 0.003403802551270097
    AdditiveEpsilonIndicator: 0.005892657421193883
    MaximumParetoFrontError: 0.0
    Spacing: 77193.8194250314
    Contribution: 0.9865771812080537
    R1Indicator: 0.0
    R2Indicator: 1.313050017539729E7
    R3Indicator: 1.4301874709461795E7
RS:
    Hypervolume: 0.0
    GenerationalDistance: 1.5307230107189584
    InvertedGenerationalDistance: 4.650335180249985
    AdditiveEpsilonIndicator: 4.6464143717754185
    MaximumParetoFrontError: 4.798231577012843
    Spacing: 2253156.490388977
    Contribution: 0.0
    R1Indicator: 0.0
    R2Indicator: 4.831848184014894E7
    R3Indicator: 5.262898492259441E7
KRRGZ:
    Hypervolume: 0.6986713595455638
    GenerationalDistance: 0.0133809147030518
    InvertedGenerationalDistance: 0.12459221860965634
    AdditiveEpsilonIndicator: 0.13592713625929095
    MaximumParetoFrontError: 0.1798514324987796
    Spacing: 218292.7308826467
    Contribution: 0.013422818791946308
    R1Indicator: 0.0
    R2Indicator: 1.395047975875236E7
    R3Indicator: 1.5195004593208896E7
