NSGAIIITA:
    Hypervolume: 0.0
    GenerationalDistance: 3.199621323008369
    InvertedGenerationalDistance: 4.373460439651729
    AdditiveEpsilonIndicator: 3.662568044573107
    MaximumParetoFrontError: 4.903702619018924
    Spacing: 0.0
    Contribution: 0.0
    R1Indicator: 0.0
    R2Indicator: 1.8491789441446882E8
    R3Indicator: 2.0662183614958364E8
RS:
    Hypervolume: 0.0
    GenerationalDistance: 4.495197186908005
    InvertedGenerationalDistance: 10.56252343024087
    AdditiveEpsilonIndicator: 7.963167872527171
    MaximumParetoFrontError: 11.520467918433134
    Spacing: 1.0603260338466907E7
    Contribution: 0.0
    R1Indicator: 0.0
    R2Indicator: 2.7203270891054094E8
    R3Indicator: 3.039613346542966E8
KRRGZ:
    Hypervolume: 0.7772734870711806
    GenerationalDistance: 0.0
    InvertedGenerationalDistance: 0.0
    AdditiveEpsilonIndicator: 0.0
    MaximumParetoFrontError: 0.0
    Spacing: 3414251.5987469787
    Contribution: 1.0
    R1Indicator: 0.0
    R2Indicator: 1.007608479748708E8
    R3Indicator: 1.1258723248390558E8
