RS:
    Hypervolume: 0.0
    GenerationalDistance: 11.104709151051713
    InvertedGenerationalDistance: 19.250706464149722
    AdditiveEpsilonIndicator: 18.236577978490224
    MaximumParetoFrontError: 19.923273646543336
    Spacing: 474311.0612839649
    Contribution: 0.0
    R1Indicator: 0.0
    R2Indicator: 9.107750289706403E7
    R3Indicator: 1.0024909274585016E8
NSGAIIITAGLS:
    Hypervolume: 0.813439861315553
    GenerationalDistance: 0.0
    InvertedGenerationalDistance: 0.0
    AdditiveEpsilonIndicator: 0.0
    MaximumParetoFrontError: 0.0
    Spacing: 107849.57934596814
    Contribution: 1.0
    R1Indicator: 0.0
    R2Indicator: 2.163609278837913E7
    R3Indicator: 2.3814873871058013E7
KRRGZ:
    Hypervolume: 0.0
    GenerationalDistance: 0.25351542230030466
    InvertedGenerationalDistance: 1.1286195411220377
    AdditiveEpsilonIndicator: 1.1481328783392624
    MaximumParetoFrontError: 2.4406602748488533
    Spacing: 402180.0397458756
    Contribution: 0.0
    R1Indicator: 0.0
    R2Indicator: 2.6007945298538078E7
    R3Indicator: 2.8626977489894383E7
