NSGAIIITA:
    Hypervolume: 0.8835095499359985
    GenerationalDistance: 0.0
    InvertedGenerationalDistance: 0.0
    AdditiveEpsilonIndicator: 0.0
    MaximumParetoFrontError: 0.0
    Spacing: 321785.84514953324
    Contribution: 1.0
    R1Indicator: 0.0
    R2Indicator: 6.0583368702433266E7
    R3Indicator: 6.51912062346668E7
RS:
    Hypervolume: 0.0
    GenerationalDistance: 4.4606980640031475
    InvertedGenerationalDistance: 9.471525827712112
    AdditiveEpsilonIndicator: 9.556599584512561
    MaximumParetoFrontError: 10.393378917184219
    Spacing: 1.1084586569228498E7
    Contribution: 0.0
    R1Indicator: 0.0
    R2Indicator: 1.982306670446235E8
    R3Indicator: 2.1330761206495172E8
KRRGZ:
    Hypervolume: 0.37833616565151823
    GenerationalDistance: 0.05424053951147025
    InvertedGenerationalDistance: 0.2810434821406931
    AdditiveEpsilonIndicator: 0.585066371474672
    MaximumParetoFrontError: 0.5521323853560264
    Spacing: 1123093.4674161826
    Contribution: 0.0
    R1Indicator: 0.0
    R2Indicator: 6.901025638881367E7
    R3Indicator: 7.425902509327188E7
