RS:
    Hypervolume: 0.0
    GenerationalDistance: 4.1243041020596625
    InvertedGenerationalDistance: 7.915247531668992
    AdditiveEpsilonIndicator: 8.22010913030089
    MaximumParetoFrontError: 9.234716041504038
    Spacing: 664279.4924097949
    Contribution: 0.0
    R1Indicator: 0.0
    R2Indicator: 4.850673319477965E7
    R3Indicator: 5.2381667556464E7
NSGAIIITAGLS:
    Hypervolume: 0.8744614973956789
    GenerationalDistance: 0.0
    InvertedGenerationalDistance: 0.006799811598838111
    AdditiveEpsilonIndicator: 0.009833959312274437
    MaximumParetoFrontError: 0.0
    Spacing: 63030.77785798353
    Contribution: 0.9767441860465116
    R1Indicator: 0.0
    R2Indicator: 1.3800394858854959E7
    R3Indicator: 1.4902833429108918E7
KRRGZ:
    Hypervolume: 0.7713074326564989
    GenerationalDistance: 0.010416146002867928
    InvertedGenerationalDistance: 0.08701782673751025
    AdditiveEpsilonIndicator: 0.12197155458871742
    MaximumParetoFrontError: 0.15727014353259752
    Spacing: 78546.44202682978
    Contribution: 0.023255813953488372
    R1Indicator: 0.0
    R2Indicator: 1.3758864344115019E7
    R3Indicator: 1.485798228534477E7
