NSGAIIITA:
    Hypervolume: 0.7739759860896034
    GenerationalDistance: 0.013638690745216477
    InvertedGenerationalDistance: 0.03558151752116675
    AdditiveEpsilonIndicator: 0.08023594832780491
    MaximumParetoFrontError: 0.9859039844676993
    Spacing: 159645.81422440463
    Contribution: 0.8681318681318682
    R1Indicator: 0.0
    R2Indicator: 1.2981653140011003E7
    R3Indicator: 1.4413964755743394E7
RS:
    Hypervolume: 0.0
    GenerationalDistance: 3.3139521943015247
    InvertedGenerationalDistance: 5.952595603396833
    AdditiveEpsilonIndicator: 6.210167727409897
    MaximumParetoFrontError: 6.3376313495048455
    Spacing: 3052646.156989112
    Contribution: 0.0
    R1Indicator: 0.0
    R2Indicator: 4.741164306623272E7
    R3Indicator: 5.264275234393959E7
KRRGZ:
    Hypervolume: 0.6537039788902201
    GenerationalDistance: 0.010947260858667832
    InvertedGenerationalDistance: 0.11524235345372746
    AdditiveEpsilonIndicator: 0.15059691738791225
    MaximumParetoFrontError: 0.1597354949142906
    Spacing: 69334.17471575247
    Contribution: 0.13186813186813187
    R1Indicator: 0.0
    R2Indicator: 1.38165619798867E7
    R3Indicator: 1.5340994623365425E7
