NSGAIIITA:
    Hypervolume: 0.8421194718443273
    GenerationalDistance: 0.0
    InvertedGenerationalDistance: 0.0
    AdditiveEpsilonIndicator: 0.0
    MaximumParetoFrontError: 0.0
    Spacing: 905701.3836793242
    Contribution: 1.0
    R1Indicator: 0.0
    R2Indicator: 6.973434770798816E7
    R3Indicator: 7.707971958197343E7
RS:
    Hypervolume: 0.0
    GenerationalDistance: 10.864101003439346
    InvertedGenerationalDistance: 17.944059485460297
    AdditiveEpsilonIndicator: 18.13133742610784
    MaximumParetoFrontError: 21.513951210362734
    Spacing: 5.0516946110120006E7
    Contribution: 0.0
    R1Indicator: 0.0
    R2Indicator: 2.6184373686218876E8
    R3Indicator: 2.894246418126423E8
KRRGZ:
    Hypervolume: 0.0
    GenerationalDistance: 0.7303635490654665
    InvertedGenerationalDistance: 2.6019890703446404
    AdditiveEpsilonIndicator: 2.882103488710303
    MaximumParetoFrontError: 3.2700153095233024
    Spacing: 2139089.6275050617
    Contribution: 0.0
    R1Indicator: 0.0
    R2Indicator: 1.0027134721657181E8
    R3Indicator: 1.1083329925849544E8
