NSGAIIITA:
    Hypervolume: 0.4196344212175247
    GenerationalDistance: 0.004461630307924606
    InvertedGenerationalDistance: 0.18014777813763477
    AdditiveEpsilonIndicator: 0.5019497550775004
    MaximumParetoFrontError: 0.08067952912007036
    Spacing: 5373.063018229538
    Contribution: 0.1038961038961039
    R1Indicator: 0.0
    R2Indicator: 978242.2812424365
    R3Indicator: 1151343.89543408
RS:
    Hypervolume: 0.0
    GenerationalDistance: 2.8828402361127425
    InvertedGenerationalDistance: 4.772498877082007
    AdditiveEpsilonIndicator: 5.286666507289755
    MaximumParetoFrontError: 6.552231911313183
    Spacing: 250514.7497414224
    Contribution: 0.0
    R1Indicator: 0.0
    R2Indicator: 2127364.9147332343
    R3Indicator: 2503807.553208538
KRRGZ:
    Hypervolume: 0.6182985466787778
    GenerationalDistance: 2.580108995304093E-4
    InvertedGenerationalDistance: 0.0012375525537480514
    AdditiveEpsilonIndicator: 0.004157482470422802
    MaximumParetoFrontError: 0.017331595173485252
    Spacing: 3184.1943313311244
    Contribution: 0.8961038961038961
    R1Indicator: 0.0
    R2Indicator: 857700.3178269909
    R3Indicator: 1009470.1060767799
