NSGAIIITA:
    Hypervolume: 0.0
    GenerationalDistance: 2.5929597269716833
    InvertedGenerationalDistance: 5.0231389725977404
    AdditiveEpsilonIndicator: 5.398244643754149
    MaximumParetoFrontError: 6.187656663547816
    Spacing: 2998427.144749872
    Contribution: 0.0
    R1Indicator: 0.0
    R2Indicator: 2.839662040018492E7
    R3Indicator: 3.2538693102849633E7
RS:
    Hypervolume: 0.0
    GenerationalDistance: 4.0985801653594605
    InvertedGenerationalDistance: 9.373636124841216
    AdditiveEpsilonIndicator: 9.532527064340988
    MaximumParetoFrontError: 11.107958770421485
    Spacing: 2279064.842801975
    Contribution: 0.0
    R1Indicator: 0.0
    R2Indicator: 4.064405885748477E7
    R3Indicator: 4.65725997550236E7
KRRGZ:
    Hypervolume: 0.7213788104965962
    GenerationalDistance: 0.0
    InvertedGenerationalDistance: 0.0
    AdditiveEpsilonIndicator: 0.0
    MaximumParetoFrontError: 0.0
    Spacing: 104133.87251557324
    Contribution: 1.0
    R1Indicator: 0.0
    R2Indicator: 1.2404856534895407E7
    R3Indicator: 1.421428929122324E7
