NSGAIIITA:
    Hypervolume: 0.817993579402851
    GenerationalDistance: 0.0
    InvertedGenerationalDistance: 0.04687989748050177
    AdditiveEpsilonIndicator: 0.002772107217296498
    MaximumParetoFrontError: 0.0
    Spacing: 33112.32037033328
    Contribution: 0.8661417322834646
    R1Indicator: 0.0
    R2Indicator: 1.0335360679537227E7
    R3Indicator: 1.1444517751634497E7
RS:
    Hypervolume: 0.0
    GenerationalDistance: 2.3214448741493783
    InvertedGenerationalDistance: 4.890161994989627
    AdditiveEpsilonIndicator: 5.147127071463161
    MaximumParetoFrontError: 4.930481211487824
    Spacing: 181428.1968150148
    Contribution: 0.0
    R1Indicator: 0.0
    R2Indicator: 3.053993158336895E7
    R3Indicator: 3.3817391346151054E7
KRRGZ:
    Hypervolume: 0.6680446950004726
    GenerationalDistance: 0.009658651249739263
    InvertedGenerationalDistance: 0.09808524791601125
    AdditiveEpsilonIndicator: 0.15703219535951815
    MaximumParetoFrontError: 0.1633312121051279
    Spacing: 37445.97220994123
    Contribution: 0.13385826771653545
    R1Indicator: 0.0
    R2Indicator: 1.0951765836564267E7
    R3Indicator: 1.212707499734045E7
