NSGAIIITA:
    Hypervolume: 0.7339815995645815
    GenerationalDistance: 0.0
    InvertedGenerationalDistance: 0.0
    AdditiveEpsilonIndicator: 0.0
    MaximumParetoFrontError: 0.0
    Spacing: 55678.6538150048
    Contribution: 1.0
    R1Indicator: 0.0
    R2Indicator: 2.0881141107387766E7
    R3Indicator: 2.380636646113016E7
RS:
    Hypervolume: 0.0
    GenerationalDistance: 5.627389394593121
    InvertedGenerationalDistance: 11.522725143299471
    AdditiveEpsilonIndicator: 11.914363120120306
    MaximumParetoFrontError: 11.870863231302232
    Spacing: 3119946.496083211
    Contribution: 0.0
    R1Indicator: 0.0
    R2Indicator: 7.110518334741354E7
    R3Indicator: 8.106628406117603E7
KRRGZ:
    Hypervolume: 0.0
    GenerationalDistance: 0.17967333199435012
    InvertedGenerationalDistance: 1.0989363435800767
    AdditiveEpsilonIndicator: 1.354327431147613
    MaximumParetoFrontError: 2.084682392873227
    Spacing: 164547.08933802304
    Contribution: 0.0
    R1Indicator: 0.0
    R2Indicator: 2.6590181314673588E7
    R3Indicator: 3.031518745857182E7
