NSGAIIITA:
    Hypervolume: 0.5980993725691924
    GenerationalDistance: 0.01493746589093824
    InvertedGenerationalDistance: 0.19433864396090805
    AdditiveEpsilonIndicator: 0.31160272701913355
    MaximumParetoFrontError: 0.1872197536420657
    Spacing: 133509.57435686377
    Contribution: 0.0
    R1Indicator: 0.0
    R2Indicator: 1.5943551933205819E7
    R3Indicator: 1.754636112947936E7
RS:
    Hypervolume: 0.0
    GenerationalDistance: 3.3090221120570584
    InvertedGenerationalDistance: 5.602893137128608
    AdditiveEpsilonIndicator: 5.86645750456571
    MaximumParetoFrontError: 8.327586079959776
    Spacing: 4473567.357901219
    Contribution: 0.0
    R1Indicator: 0.0
    R2Indicator: 4.845051847081488E7
    R3Indicator: 5.332124694082754E7
KRRGZ:
    Hypervolume: 0.8272352063174014
    GenerationalDistance: 0.0
    InvertedGenerationalDistance: 0.0
    AdditiveEpsilonIndicator: 0.0
    MaximumParetoFrontError: 0.0
    Spacing: 136365.0705839542
    Contribution: 1.0
    R1Indicator: 0.0
    R2Indicator: 1.412009638667376E7
    R3Indicator: 1.5539589879166754E7
