NSGAIIITA:
    Hypervolume: 0.0
    GenerationalDistance: 0.8918188829830864
    InvertedGenerationalDistance: 2.434943586695147
    AdditiveEpsilonIndicator: 2.8920246839208676
    MaximumParetoFrontError: 3.176754443349672
    Spacing: 1496265.3438764296
    Contribution: 0.0
    R1Indicator: 0.0
    R2Indicator: 4.6500007310438044E7
    R3Indicator: 5.242026966752617E7
RS:
    Hypervolume: 0.0
    GenerationalDistance: 4.831250434327287
    InvertedGenerationalDistance: 5.321322812492986
    AdditiveEpsilonIndicator: 5.807078655342171
    MaximumParetoFrontError: 4.831250434327287
    Spacing: 0.0
    Contribution: 0.0
    R1Indicator: 0.0
    R2Indicator: 6.76843030350437E7
    R3Indicator: 7.630167996701355E7
KRRGZ:
    Hypervolume: 0.7861624845007513
    GenerationalDistance: 0.0
    InvertedGenerationalDistance: 0.0
    AdditiveEpsilonIndicator: 0.0
    MaximumParetoFrontError: 0.0
    Spacing: 130978.61007675358
    Contribution: 1.0
    R1Indicator: 0.0
    R2Indicator: 2.548326505484797E7
    R3Indicator: 2.8727720458489858E7
