NSGAIIITA:
    Hypervolume: 0.7776689150851545
    GenerationalDistance: 0.0
    InvertedGenerationalDistance: 0.0
    AdditiveEpsilonIndicator: 0.0
    MaximumParetoFrontError: 0.0
    Spacing: 157463.03880695952
    Contribution: 1.0
    R1Indicator: 0.0
    R2Indicator: 2.0982806849964183E7
    R3Indicator: 2.34612258371916E7
RS:
    Hypervolume: 0.0
    GenerationalDistance: 10.83940673414629
    InvertedGenerationalDistance: 19.081973902709304
    AdditiveEpsilonIndicator: 19.35640082135835
    MaximumParetoFrontError: 25.35372798148237
    Spacing: 9048011.497974642
    Contribution: 0.0
    R1Indicator: 0.0
    R2Indicator: 9.452620362264684E7
    R3Indicator: 1.0569129628571145E8
KRRGZ:
    Hypervolume: 0.0
    GenerationalDistance: 0.30249362128898905
    InvertedGenerationalDistance: 1.26205681392806
    AdditiveEpsilonIndicator: 1.4889749356454915
    MaximumParetoFrontError: 3.297080509052154
    Spacing: 1412396.2944501466
    Contribution: 0.0
    R1Indicator: 0.0
    R2Indicator: 2.6640050768676735E7
    R3Indicator: 2.978668486340182E7
