NSGAIIITA:
    Hypervolume: 0.8324056865587233
    GenerationalDistance: 0.0
    InvertedGenerationalDistance: 0.0
    AdditiveEpsilonIndicator: 0.0
    MaximumParetoFrontError: 0.0
    Spacing: 120978.67114873425
    Contribution: 1.0
    R1Indicator: 0.0
    R2Indicator: 1.840291951794462E7
    R3Indicator: 2.0325546714335024E7
RS:
    Hypervolume: 0.0
    GenerationalDistance: 5.619605363876846
    InvertedGenerationalDistance: 8.464221126816001
    AdditiveEpsilonIndicator: 8.638909561771772
    MaximumParetoFrontError: 11.255332978335494
    Spacing: 3157210.449066681
    Contribution: 0.0
    R1Indicator: 0.0
    R2Indicator: 7.093144142804316E7
    R3Indicator: 7.834190619326077E7
KRRGZ:
    Hypervolume: 0.14109525760166938
    GenerationalDistance: 0.09922395232199904
    InvertedGenerationalDistance: 0.5796079085352204
    AdditiveEpsilonIndicator: 0.7725977812849723
    MaximumParetoFrontError: 1.828871497023235
    Spacing: 566667.2028382237
    Contribution: 0.0
    R1Indicator: 0.0
    R2Indicator: 2.3100610733878437E7
    R3Indicator: 2.551402798984371E7
