NSGAIIITA:
    Hypervolume: 0.6846963544327818
    GenerationalDistance: 0.0
    InvertedGenerationalDistance: 0.0
    AdditiveEpsilonIndicator: 0.0
    MaximumParetoFrontError: 0.0
    Spacing: 856.0542785542877
    Contribution: 1.0
    R1Indicator: 0.0
    R2Indicator: 814119.3118329854
    R3Indicator: 941006.4004702796
RS:
    Hypervolume: 0.0
    GenerationalDistance: 2.4553965156877466
    InvertedGenerationalDistance: 5.2463922191846315
    AdditiveEpsilonIndicator: 5.653114583506635
    MaximumParetoFrontError: 8.25282126641738
    Spacing: 81663.01858612554
    Contribution: 0.0
    R1Indicator: 0.0
    R2Indicator: 2269725.3848171327
    R3Indicator: 2623486.994022244
KRRGZ:
    Hypervolume: 0.5450563109016459
    GenerationalDistance: 0.008922570362065806
    InvertedGenerationalDistance: 0.08918704927324284
    AdditiveEpsilonIndicator: 0.13521834034215036
    MaximumParetoFrontError: 0.19161685393235076
    Spacing: 2002.6972285103293
    Contribution: 0.0
    R1Indicator: 0.0
    R2Indicator: 845000.2671524794
    R3Indicator: 976700.5801561985
