NSGAIIITA:
    Hypervolume: 0.8892918636966173
    GenerationalDistance: 0.0
    InvertedGenerationalDistance: 0.0
    AdditiveEpsilonIndicator: 0.0
    MaximumParetoFrontError: 0.0
    Spacing: 506629.5159451776
    Contribution: 1.0
    R1Indicator: 0.0
    R2Indicator: 7.611994722830632E7
    R3Indicator: 8.164957097906427E7
RS:
    Hypervolume: 0.0
    GenerationalDistance: 3.904049981453366
    InvertedGenerationalDistance: 12.819044542139718
    AdditiveEpsilonIndicator: 10.42633311652426
    MaximumParetoFrontError: 14.099523172848446
    Spacing: 4741379.722571395
    Contribution: 0.0
    R1Indicator: 0.0
    R2Indicator: 2.641483397787813E8
    R3Indicator: 2.83336967922871E8
KRRGZ:
    Hypervolume: 0.0
    GenerationalDistance: 0.25245761669872896
    InvertedGenerationalDistance: 1.2629365815637215
    AdditiveEpsilonIndicator: 1.2417405212769315
    MaximumParetoFrontError: 1.9357751430260537
    Spacing: 8317393.400769169
    Contribution: 0.0
    R1Indicator: 0.0
    R2Indicator: 9.857203666421354E7
    R3Indicator: 1.0573265963985449E8
