NSGAIIITA:
    Hypervolume: 0.7220132672567077
    GenerationalDistance: 0.0
    InvertedGenerationalDistance: 0.007151213876534191
    AdditiveEpsilonIndicator: 0.0035148237315478265
    MaximumParetoFrontError: 0.0
    Spacing: 14707.268707388357
    Contribution: 0.9609375
    R1Indicator: 0.0
    R2Indicator: 1.0356186206530817E7
    R3Indicator: 1.1761926218937282E7
RS:
    Hypervolume: 0.0
    GenerationalDistance: 3.844983343309806
    InvertedGenerationalDistance: 6.000221873022229
    AdditiveEpsilonIndicator: 6.211702144108609
    MaximumParetoFrontError: 5.57287946656679
    Spacing: 0.0
    Contribution: 0.0
    R1Indicator: 0.0
    R2Indicator: 2.9606412333008755E7
    R3Indicator: 3.362517911133459E7
KRRGZ:
    Hypervolume: 0.5351220291947337
    GenerationalDistance: 0.0169773424282389
    InvertedGenerationalDistance: 0.16322847248817093
    AdditiveEpsilonIndicator: 0.2180561882517038
    MaximumParetoFrontError: 0.2405166966000811
    Spacing: 34997.634055176415
    Contribution: 0.0390625
    R1Indicator: 0.0
    R2Indicator: 1.1031938924723972E7
    R3Indicator: 1.2529406867225153E7
