NSGAIIITA:
    Hypervolume: 0.8979784430191308
    GenerationalDistance: 0.0
    InvertedGenerationalDistance: 0.0
    AdditiveEpsilonIndicator: 0.0
    MaximumParetoFrontError: 0.0
    Spacing: 214252.55902618504
    Contribution: 1.0
    R1Indicator: 0.0
    R2Indicator: 2.0564480360875275E7
    R3Indicator: 2.1948457644796193E7
RS:
    Hypervolume: 0.0
    GenerationalDistance: 5.755495387623299
    InvertedGenerationalDistance: 9.409891934908345
    AdditiveEpsilonIndicator: 9.192294362897023
    MaximumParetoFrontError: 11.302141087449098
    Spacing: 2.1992966361984685E7
    Contribution: 0.0
    R1Indicator: 0.0
    R2Indicator: 9.011502224761866E7
    R3Indicator: 9.617969344986446E7
KRRGZ:
    Hypervolume: 0.06242343243946876
    GenerationalDistance: 0.09005014451786504
    InvertedGenerationalDistance: 0.7183197655830589
    AdditiveEpsilonIndicator: 0.8616715636935396
    MaximumParetoFrontError: 0.7152105907348152
    Spacing: 467977.0492477904
    Contribution: 0.0
    R1Indicator: 0.0
    R2Indicator: 2.708401716769148E7
    R3Indicator: 2.8906755508991078E7
