NSGAIIITA:
    Hypervolume: 0.0
    GenerationalDistance: 3.074164604205112
    InvertedGenerationalDistance: 6.943213924153892
    AdditiveEpsilonIndicator: 7.350041761133108
    MaximumParetoFrontError: 9.088142974908669
    Spacing: 1735133.5989842718
    Contribution: 0.0
    R1Indicator: 0.0
    R2Indicator: 2.9752316564953566E7
    R3Indicator: 3.248545978374293E7
RS:
    Hypervolume: 0.0
    GenerationalDistance: 5.767805356241102
    InvertedGenerationalDistance: 11.71575585120285
    AdditiveEpsilonIndicator: 12.099443304122838
    MaximumParetoFrontError: 14.311701407759076
    Spacing: 1532897.783986801
    Contribution: 0.0
    R1Indicator: 0.0
    R2Indicator: 4.069926168677873E7
    R3Indicator: 4.443802603880155E7
KRRGZ:
    Hypervolume: 0.8621760428652874
    GenerationalDistance: 0.0
    InvertedGenerationalDistance: 0.0
    AdditiveEpsilonIndicator: 0.0
    MaximumParetoFrontError: 0.0
    Spacing: 101640.71825775632
    Contribution: 1.0
    R1Indicator: 0.0
    R2Indicator: 1.2811137779292231E7
    R3Indicator: 1.3988009705450915E7
