NSGAIIITA:
    Hypervolume: 0.0
    GenerationalDistance: 1.6724091063351179
    InvertedGenerationalDistance: 3.8755298722443263
    AdditiveEpsilonIndicator: 3.9312236383680577
    MaximumParetoFrontError: 4.230641367110967
    Spacing: 7735987.273948522
    Contribution: 0.0
    R1Indicator: 0.0
    R2Indicator: 1.8488248259729826E8
    R3Indicator: 2.0644116183450794E8
RS:
    Hypervolume: 0.0
    GenerationalDistance: 3.518134586807331
    InvertedGenerationalDistance: 7.760252791694221
    AdditiveEpsilonIndicator: 7.5752729054419286
    MaximumParetoFrontError: 9.57832334290273
    Spacing: 4285917.549407817
    Contribution: 0.0
    R1Indicator: 0.0
    R2Indicator: 2.6771352685057452E8
    R3Indicator: 2.989309062574162E8
KRRGZ:
    Hypervolume: 0.7797677033150116
    GenerationalDistance: 0.0
    InvertedGenerationalDistance: 0.0
    AdditiveEpsilonIndicator: 0.0
    MaximumParetoFrontError: 0.0
    Spacing: 1229667.6473813641
    Contribution: 1.0
    R1Indicator: 0.0
    R2Indicator: 9.552387014178194E7
    R3Indicator: 1.0666268190742502E8
