NSGAIIITA:
    Hypervolume: 0.0
    GenerationalDistance: 1.1008394292003019
    InvertedGenerationalDistance: 3.6727227870192034
    AdditiveEpsilonIndicator: 4.0816317319989
    MaximumParetoFrontError: 5.416231053240278
    Spacing: 1594706.911165763
    Contribution: 0.0
    R1Indicator: 0.0
    R2Indicator: 5.198267444491682E7
    R3Indicator: 5.9583993674042866E7
RS:
    Hypervolume: 0.0
    GenerationalDistance: 2.490919279558125
    InvertedGenerationalDistance: 5.950512096787349
    AdditiveEpsilonIndicator: 6.24017866173324
    MaximumParetoFrontError: 7.886082049875138
    Spacing: 2742179.7456069444
    Contribution: 0.0
    R1Indicator: 0.0
    R2Indicator: 6.573570755531939E7
    R3Indicator: 7.534807128591485E7
KRRGZ:
    Hypervolume: 0.7205241488354027
    GenerationalDistance: 0.0
    InvertedGenerationalDistance: 0.0
    AdditiveEpsilonIndicator: 0.0
    MaximumParetoFrontError: 0.0
    Spacing: 99285.77279541097
    Contribution: 1.0
    R1Indicator: 0.0
    R2Indicator: 2.5977336257238038E7
    R3Indicator: 2.9775938825347826E7
