NSGAIIITA:
    Hypervolume: 0.0
    GenerationalDistance: 5.266166381257778
    InvertedGenerationalDistance: 9.606462338245867
    AdditiveEpsilonIndicator: 10.160823143959263
    MaximumParetoFrontError: 11.815916330868808
    Spacing: 242841.7812111023
    Contribution: 0.0
    R1Indicator: 0.0
    R2Indicator: 2.9395893471157238E7
    R3Indicator: 3.487639767581414E7
RS:
    Hypervolume: 0.0
    GenerationalDistance: 5.783284938620971
    InvertedGenerationalDistance: 17.261445346205253
    AdditiveEpsilonIndicator: 17.603427541710186
    MaximumParetoFrontError: 20.388095078609325
    Spacing: 705781.0820173371
    Contribution: 0.0
    R1Indicator: 0.0
    R2Indicator: 4.139939957562551E7
    R3Indicator: 4.911780006725493E7
KRRGZ:
    Hypervolume: 0.6273550394128136
    GenerationalDistance: 0.0
    InvertedGenerationalDistance: 0.0
    AdditiveEpsilonIndicator: 0.0
    MaximumParetoFrontError: 0.0
    Spacing: 75475.48209854333
    Contribution: 1.0
    R1Indicator: 0.0
    R2Indicator: 1.3008499647810519E7
    R3Indicator: 1.5433773866171869E7
