NSGAIIITA:
    Hypervolume: 0.7720628086778928
    GenerationalDistance: 0.0
    InvertedGenerationalDistance: 0.003026652631469551
    AdditiveEpsilonIndicator: 0.0026091808465897397
    MaximumParetoFrontError: 0.0
    Spacing: 34528.133020515415
    Contribution: 0.9627329192546584
    R1Indicator: 0.0
    R2Indicator: 1.0342080428341672E7
    R3Indicator: 1.15955890637023E7
RS:
    Hypervolume: 0.0
    GenerationalDistance: 5.819566358398786
    InvertedGenerationalDistance: 6.463917728076295
    AdditiveEpsilonIndicator: 6.803852705957025
    MaximumParetoFrontError: 5.819566358398786
    Spacing: 0.0
    Contribution: 0.0
    R1Indicator: 0.0
    R2Indicator: 3.026746186173178E7
    R3Indicator: 3.3936035787082545E7
KRRGZ:
    Hypervolume: 0.5952329934332828
    GenerationalDistance: 0.012930692074001843
    InvertedGenerationalDistance: 0.11710972345116985
    AdditiveEpsilonIndicator: 0.19915103393387337
    MaximumParetoFrontError: 0.19510853069758746
    Spacing: 35466.35808326642
    Contribution: 0.037267080745341616
    R1Indicator: 0.0
    R2Indicator: 1.0925292693802407E7
    R3Indicator: 1.2249491063444924E7
