NSGAIIITA:
    Hypervolume: 0.0
    GenerationalDistance: 4.654798648982532
    InvertedGenerationalDistance: 9.014764682052695
    AdditiveEpsilonIndicator: 8.63424788431322
    MaximumParetoFrontError: 9.910716711452503
    Spacing: 22867.5580496406
    Contribution: 0.0
    R1Indicator: 0.0
    R2Indicator: 1.8227795330189857E8
    R3Indicator: 1.908883434757868E8
RS:
    Hypervolume: 0.0
    GenerationalDistance: 8.320650966302216
    InvertedGenerationalDistance: 13.996476036668245
    AdditiveEpsilonIndicator: 13.266051160788757
    MaximumParetoFrontError: 14.84698452669836
    Spacing: 1.1003520084216485E7
    Contribution: 0.0
    R1Indicator: 0.0
    R2Indicator: 2.3271067760433233E8
    R3Indicator: 2.4370338702087894E8
KRRGZ:
    Hypervolume: 0.8955631233773919
    GenerationalDistance: 0.0
    InvertedGenerationalDistance: 0.0
    AdditiveEpsilonIndicator: 0.0
    MaximumParetoFrontError: 0.0
    Spacing: 3022032.1801031893
    Contribution: 1.0
    R1Indicator: 0.0
    R2Indicator: 8.826525686733033E7
    R3Indicator: 9.243471256000815E7
