NSGAIIITA:
    Hypervolume: 0.0
    GenerationalDistance: 1.0955208120688658
    InvertedGenerationalDistance: 3.373862173020488
    AdditiveEpsilonIndicator: 3.7556322284101666
    MaximumParetoFrontError: 3.5236314648506575
    Spacing: 740513.978619114
    Contribution: 0.0
    R1Indicator: 0.0
    R2Indicator: 5.22094608897789E7
    R3Indicator: 5.7971554268699355E7
RS:
    Hypervolume: 0.0
    GenerationalDistance: 3.374545037676573
    InvertedGenerationalDistance: 6.2203161345270015
    AdditiveEpsilonIndicator: 6.589440258050172
    MaximumParetoFrontError: 6.027100510472117
    Spacing: 81715.71378237756
    Contribution: 0.0
    R1Indicator: 0.0
    R2Indicator: 7.183301048330472E7
    R3Indicator: 7.976083872501653E7
KRRGZ:
    Hypervolume: 0.8253184611381774
    GenerationalDistance: 0.0
    InvertedGenerationalDistance: 0.0
    AdditiveEpsilonIndicator: 0.0
    MaximumParetoFrontError: 0.0
    Spacing: 169073.74998753666
    Contribution: 1.0
    R1Indicator: 0.0
    R2Indicator: 2.6202744733007815E7
    R3Indicator: 2.9094600096710395E7
