NSGAIIITA:
    Hypervolume: 0.7010071794705446
    GenerationalDistance: 0.0
    InvertedGenerationalDistance: 0.0
    AdditiveEpsilonIndicator: 0.0
    MaximumParetoFrontError: 0.0
    Spacing: 34370.68885150643
    Contribution: 1.0
    R1Indicator: 0.0
    R2Indicator: 1.0442597223065682E7
    R3Indicator: 1.1918597355645735E7
RS:
    Hypervolume: 0.0
    GenerationalDistance: 4.7457087057149945
    InvertedGenerationalDistance: 5.985528204434108
    AdditiveEpsilonIndicator: 6.301268654026442
    MaximumParetoFrontError: 7.816839951295038
    Spacing: 0.0
    Contribution: 0.0
    R1Indicator: 0.0
    R2Indicator: 2.8871644416659113E7
    R3Indicator: 3.2952489969036624E7
KRRGZ:
    Hypervolume: 0.5179705053399807
    GenerationalDistance: 0.01728043401261654
    InvertedGenerationalDistance: 0.1309658133138313
    AdditiveEpsilonIndicator: 0.1755301522948318
    MaximumParetoFrontError: 0.4496682409243615
    Spacing: 36784.11291771686
    Contribution: 0.0
    R1Indicator: 0.0
    R2Indicator: 1.0866287115060028E7
    R3Indicator: 1.2402172680976607E7
