NSGAIIITA:
    Hypervolume: 0.0
    GenerationalDistance: 0.17049810503145238
    InvertedGenerationalDistance: 0.9292063122689762
    AdditiveEpsilonIndicator: 1.3068421634203113
    MaximumParetoFrontError: 1.025478759190654
    Spacing: 312241.1115545877
    Contribution: 0.0
    R1Indicator: 0.0
    R2Indicator: 2.0103292204312995E7
    R3Indicator: 2.247189379849973E7
RS:
    Hypervolume: 0.0
    GenerationalDistance: 3.2451661698553336
    InvertedGenerationalDistance: 7.582423441175651
    AdditiveEpsilonIndicator: 7.839354077316181
    MaximumParetoFrontError: 7.466391207303465
    Spacing: 571507.0535929175
    Contribution: 0.0
    R1Indicator: 0.0
    R2Indicator: 5.096627614612077E7
    R3Indicator: 5.697118165394278E7
KRRGZ:
    Hypervolume: 0.7816038808557554
    GenerationalDistance: 0.0
    InvertedGenerationalDistance: 0.0
    AdditiveEpsilonIndicator: 0.0
    MaximumParetoFrontError: 0.0
    Spacing: 51547.570825985254
    Contribution: 1.0
    R1Indicator: 0.0
    R2Indicator: 1.3929189233073685E7
    R3Indicator: 1.5570341096002245E7
