NSGAIIITA:
    Hypervolume: 0.8534215561840832
    GenerationalDistance: 0.0
    InvertedGenerationalDistance: 0.0
    AdditiveEpsilonIndicator: 0.0
    MaximumParetoFrontError: 0.0
    Spacing: 100914.85062303315
    Contribution: 1.0
    R1Indicator: 0.0
    R2Indicator: 1.893404908000947E7
    R3Indicator: 2.068034038188419E7
RS:
    Hypervolume: 0.0
    GenerationalDistance: 7.9870849866215625
    InvertedGenerationalDistance: 8.514632053681659
    AdditiveEpsilonIndicator: 8.77535529848399
    MaximumParetoFrontError: 7.9870849866215625
    Spacing: 0.0
    Contribution: 0.0
    R1Indicator: 0.0
    R2Indicator: 7.193720108406617E7
    R3Indicator: 7.857195935236925E7
KRRGZ:
    Hypervolume: 0.22478444099515726
    GenerationalDistance: 0.05830958257116094
    InvertedGenerationalDistance: 0.4318470857193669
    AdditiveEpsilonIndicator: 0.7228743286319476
    MaximumParetoFrontError: 1.0656364475120177
    Spacing: 346757.48875220167
    Contribution: 0.0
    R1Indicator: 0.0
    R2Indicator: 2.3300159916736316E7
    R3Indicator: 2.544914112228276E7
