NSGAIIITA:
    Hypervolume: 0.0
    GenerationalDistance: 0.8552883947694935
    InvertedGenerationalDistance: 2.4572070529887755
    AdditiveEpsilonIndicator: 2.6605212836148766
    MaximumParetoFrontError: 2.254354610728425
    Spacing: 512188.022520094
    Contribution: 0.0
    R1Indicator: 0.0
    R2Indicator: 4.002319805611727E7
    R3Indicator: 4.2653428591350585E7
RS:
    Hypervolume: 0.0
    GenerationalDistance: 6.390706784532272
    InvertedGenerationalDistance: 14.285012493885114
    AdditiveEpsilonIndicator: 13.569475236342884
    MaximumParetoFrontError: 15.047892523323233
    Spacing: 2608495.413625777
    Contribution: 0.0
    R1Indicator: 0.0
    R2Indicator: 9.870184752226439E7
    R3Indicator: 1.0518828466767478E8
KRRGZ:
    Hypervolume: 0.8889390978972457
    GenerationalDistance: 0.0
    InvertedGenerationalDistance: 0.0
    AdditiveEpsilonIndicator: 0.0
    MaximumParetoFrontError: 0.0
    Spacing: 598365.9485534895
    Contribution: 1.0
    R1Indicator: 0.0
    R2Indicator: 2.5712455664278932E7
    R3Indicator: 2.7402218419906165E7
