NSGAIIITA:
    Hypervolume: 0.8518427721150476
    GenerationalDistance: 0.0
    InvertedGenerationalDistance: 0.0
    AdditiveEpsilonIndicator: 0.0
    MaximumParetoFrontError: 0.0
    Spacing: 183478.75716924886
    Contribution: 1.0
    R1Indicator: 0.0
    R2Indicator: 6.619882410562945E7
    R3Indicator: 7.18410257402415E7
RS:
    Hypervolume: 0.0
    GenerationalDistance: 108.36016166046505
    InvertedGenerationalDistance: 108.82453897838117
    AdditiveEpsilonIndicator: 108.15160732900353
    MaximumParetoFrontError: 108.36016166046505
    Spacing: 0.0
    Contribution: 0.0
    R1Indicator: 0.0
    R2Indicator: 2.4080541256347248E8
    R3Indicator: 2.613294761957705E8
KRRGZ:
    Hypervolume: 0.0
    GenerationalDistance: 4.646694830945143
    InvertedGenerationalDistance: 16.109248758377813
    AdditiveEpsilonIndicator: 16.323059841128345
    MaximumParetoFrontError: 23.18884092867674
    Spacing: 561987.2045330622
    Contribution: 0.0
    R1Indicator: 0.0
    R2Indicator: 9.255165384600261E7
    R3Indicator: 1.004399388254204E8
