NSGAIIITA:
    Hypervolume: 0.5399130981188456
    GenerationalDistance: 0.0
    InvertedGenerationalDistance: 0.0
    AdditiveEpsilonIndicator: 0.0
    MaximumParetoFrontError: 0.0
    Spacing: 36362.808161489134
    Contribution: 1.0
    R1Indicator: 0.0
    R2Indicator: 9820419.141998382
    R3Indicator: 1.19375509033465E7
RS:
    Hypervolume: 0.0
    GenerationalDistance: 13.63850861327039
    InvertedGenerationalDistance: 28.546797779927044
    AdditiveEpsilonIndicator: 28.767869219849402
    MaximumParetoFrontError: 43.23943048264408
    Spacing: 7940539.250524962
    Contribution: 0.0
    R1Indicator: 0.0
    R2Indicator: 4.0279762755923264E7
    R3Indicator: 4.896345899710702E7
KRRGZ:
    Hypervolume: 0.0
    GenerationalDistance: 0.7218441625925859
    InvertedGenerationalDistance: 2.7068099606146765
    AdditiveEpsilonIndicator: 2.982681956252696
    MaximumParetoFrontError: 3.9283544599669895
    Spacing: 109420.81339150881
    Contribution: 0.0
    R1Indicator: 0.0
    R2Indicator: 1.297845757304169E7
    R3Indicator: 1.5776417422020521E7
