NSGAIIITA:
    Hypervolume: 0.0
    GenerationalDistance: 0.17917107471027532
    InvertedGenerationalDistance: 1.1052253485130954
    AdditiveEpsilonIndicator: 1.5034635358584867
    MaximumParetoFrontError: 0.7211490164740434
    Spacing: 4537.523560113846
    Contribution: 0.0
    R1Indicator: 0.0
    R2Indicator: 1320949.3662108723
    R3Indicator: 1522194.2856500717
RS:
    Hypervolume: 0.0
    GenerationalDistance: 2.7478345842217964
    InvertedGenerationalDistance: 4.357568057534757
    AdditiveEpsilonIndicator: 4.773171608706075
    MaximumParetoFrontError: 3.9556738253924957
    Spacing: 0.0
    Contribution: 0.0
    R1Indicator: 0.0
    R2Indicator: 2338323.6583416103
    R3Indicator: 2694564.7580238343
KRRGZ:
    Hypervolume: 0.7007498366890424
    GenerationalDistance: 0.0
    InvertedGenerationalDistance: 0.0
    AdditiveEpsilonIndicator: 0.0
    MaximumParetoFrontError: 0.0
    Spacing: 4278.40339831928
    Contribution: 1.0
    R1Indicator: 0.0
    R2Indicator: 853159.8545716156
    R3Indicator: 983135.1463268944
