NSGAIIITA:
    Hypervolume: 0.0
    GenerationalDistance: 0.988506051766388
    InvertedGenerationalDistance: 3.2409564922983494
    AdditiveEpsilonIndicator: 3.6697410901461516
    MaximumParetoFrontError: 4.292104833041736
    Spacing: 1113856.1037195078
    Contribution: 0.0
    R1Indicator: 0.0
    R2Indicator: 5.089505771450531E7
    R3Indicator: 5.590395294662769E7
RS:
    Hypervolume: 0.0
    GenerationalDistance: 5.205733587105003
    InvertedGenerationalDistance: 6.24768935013556
    AdditiveEpsilonIndicator: 6.669076008918463
    MaximumParetoFrontError: 8.703237717314185
    Spacing: 0.0
    Contribution: 0.0
    R1Indicator: 0.0
    R2Indicator: 7.111642154196829E7
    R3Indicator: 7.811541640540968E7
KRRGZ:
    Hypervolume: 0.8359753678009747
    GenerationalDistance: 0.0
    InvertedGenerationalDistance: 0.0
    AdditiveEpsilonIndicator: 0.0
    MaximumParetoFrontError: 0.0
    Spacing: 174548.49742315555
    Contribution: 1.0
    R1Indicator: 0.0
    R2Indicator: 2.615400992127179E7
    R3Indicator: 2.872798192002193E7
