NSGAIIITA:
    Hypervolume: 0.7845688042273788
    GenerationalDistance: 0.0
    InvertedGenerationalDistance: 0.021520377161834917
    AdditiveEpsilonIndicator: 0.013197054812797275
    MaximumParetoFrontError: 0.0
    Spacing: 8102.770527942175
    Contribution: 0.9025974025974026
    R1Indicator: 0.0
    R2Indicator: 1.024856905712186E7
    R3Indicator: 1.145548568477899E7
RS:
    Hypervolume: 0.0
    GenerationalDistance: 4.094330936424587
    InvertedGenerationalDistance: 6.38357870650062
    AdditiveEpsilonIndicator: 6.5943785375223545
    MaximumParetoFrontError: 5.823221726108446
    Spacing: 0.0
    Contribution: 0.0
    R1Indicator: 0.0
    R2Indicator: 3.2092238540748276E7
    R3Indicator: 3.587156606999506E7
KRRGZ:
    Hypervolume: 0.5900962717470892
    GenerationalDistance: 0.012853265349220544
    InvertedGenerationalDistance: 0.13453608972950967
    AdditiveEpsilonIndicator: 0.2091436981797215
    MaximumParetoFrontError: 0.20977283889831627
    Spacing: 32497.923265634512
    Contribution: 0.09740259740259741
    R1Indicator: 0.0
    R2Indicator: 1.0941329203265253E7
    R3Indicator: 1.2229830950099442E7
