NSGAIIITA:
    Hypervolume: 0.0
    GenerationalDistance: 0.7492796200956567
    InvertedGenerationalDistance: 1.7795251252528488
    AdditiveEpsilonIndicator: 2.117224095272919
    MaximumParetoFrontError: 3.451108560125733
    Spacing: 5852578.679372955
    Contribution: 0.0
    R1Indicator: 0.0
    R2Indicator: 3.719132649123065E7
    R3Indicator: 4.0614015650277644E7
RS:
    Hypervolume: 0.0
    GenerationalDistance: 6.008340503632035
    InvertedGenerationalDistance: 13.378905115197332
    AdditiveEpsilonIndicator: 13.057170303042385
    MaximumParetoFrontError: 20.333537654652567
    Spacing: 1.5041625304417234E7
    Contribution: 0.0
    R1Indicator: 0.0
    R2Indicator: 9.2023520194364E7
    R3Indicator: 1.0049235561762317E8
KRRGZ:
    Hypervolume: 0.8337068417258998
    GenerationalDistance: 0.0
    InvertedGenerationalDistance: 0.0
    AdditiveEpsilonIndicator: 0.0
    MaximumParetoFrontError: 0.0
    Spacing: 180625.65794250186
    Contribution: 1.0
    R1Indicator: 0.0
    R2Indicator: 2.657958812347473E7
    R3Indicator: 2.902568907486912E7
