NSGAIIITA:
    Hypervolume: 0.0
    GenerationalDistance: 0.2878557289697989
    InvertedGenerationalDistance: 1.2704349129615113
    AdditiveEpsilonIndicator: 1.6640535008807933
    MaximumParetoFrontError: 1.0134464245303798
    Spacing: 14099.759369984213
    Contribution: 0.0
    R1Indicator: 0.0
    R2Indicator: 1280778.3561085737
    R3Indicator: 1475715.443385244
RS:
    Hypervolume: 0.0
    GenerationalDistance: 2.9457153155261437
    InvertedGenerationalDistance: 5.110689114961215
    AdditiveEpsilonIndicator: 5.51520704787734
    MaximumParetoFrontError: 5.547823315708034
    Spacing: 87320.14110746617
    Contribution: 0.0
    R1Indicator: 0.0
    R2Indicator: 2278038.6051573018
    R3Indicator: 2624760.7891650605
KRRGZ:
    Hypervolume: 0.6943893837507951
    GenerationalDistance: 0.0
    InvertedGenerationalDistance: 0.0
    AdditiveEpsilonIndicator: 0.0
    MaximumParetoFrontError: 0.0
    Spacing: 3372.129290782922
    Contribution: 1.0
    R1Indicator: 0.0
    R2Indicator: 849885.8355683854
    R3Indicator: 979237.8315721292
