Cost: 430309.1088374099
ID: 0.4701463414634147
state name: Steady


Cost: 1.2156963488877097E7
ID: 6.8611802219730365
state name: Steady


Cost: 4461590.545740365
ID: 1.516613184554398
state name: Steady


Cost: 6768066.04859861
ID: 3.5979280244007548
state name: Steady


