NSGAIIITA:
    Hypervolume: 0.7378922320836091
    GenerationalDistance: 3.811060182734113E-5
    InvertedGenerationalDistance: 0.002044119399513464
    AdditiveEpsilonIndicator: 0.017397849340354328
    MaximumParetoFrontError: 0.015140039765585952
    Spacing: 170.55085854544328
    Contribution: 0.9166666666666666
    R1Indicator: 0.0
    R2Indicator: 76960.18326379001
    R3Indicator: 87198.94559022579
KRRGZ:
    Hypervolume: 0.7105893160983667
    GenerationalDistance: 0.0013992340659091135
    InvertedGenerationalDistance: 0.02281157411277753
    AdditiveEpsilonIndicator: 0.03953514353050036
    MaximumParetoFrontError: 0.053765515142575084
    Spacing: 154.7321988188532
    Contribution: 0.08333333333333333
    R1Indicator: 0.0
    R2Indicator: 77568.8094381762
    R3Indicator: 87888.55065967666
