NSGAIIITA:
    Hypervolume: 0.6776601264103348
    GenerationalDistance: 6.469139005117831E-4
    InvertedGenerationalDistance: 0.008515201192370966
    AdditiveEpsilonIndicator: 0.057474777049041414
    MaximumParetoFrontError: 0.18358678509743798
    Spacing: 198.53846420631356
    Contribution: 0.045454545454545456
    R1Indicator: 0.0
    R2Indicator: 42987.664313067835
    R3Indicator: 49406.91837075891
KRRGZ:
    Hypervolume: 0.6960348682574001
    GenerationalDistance: 2.1578781111311604E-5
    InvertedGenerationalDistance: 1.506523389517355E-4
    AdditiveEpsilonIndicator: 0.010326252257960647
    MaximumParetoFrontError: 0.006606599892775043
    Spacing: 34.50114869194436
    Contribution: 0.9545454545454546
    R1Indicator: 0.0
    R2Indicator: 43068.50940649016
    R3Indicator: 49499.83802342407
