NSGAIIITA:
    Hypervolume: 0.7298641993864022
    GenerationalDistance: 0.0020330503317146946
    InvertedGenerationalDistance: 0.0021343051669315202
    AdditiveEpsilonIndicator: 0.0230050958635194
    MaximumParetoFrontError: 0.49979928308411115
    Spacing: 221.46996729370645
    Contribution: 0.8649155722326454
    R1Indicator: 0.0
    R2Indicator: 76606.17364532572
    R3Indicator: 86980.0807668662
KRRGZ:
    Hypervolume: 0.7019444840503136
    GenerationalDistance: 0.001331233062600297
    InvertedGenerationalDistance: 0.024046205802978247
    AdditiveEpsilonIndicator: 0.0669034294972611
    MaximumParetoFrontError: 0.04755686894219254
    Spacing: 55.003324351944634
    Contribution: 0.1350844277673546
    R1Indicator: 0.0
    R2Indicator: 77656.9931262518
    R3Indicator: 88173.20667013581
