NSGAIIITA:
    Hypervolume: 0.7162892655939539
    GenerationalDistance: 0.0010041820673171045
    InvertedGenerationalDistance: 0.006905479464377014
    AdditiveEpsilonIndicator: 0.06586620207885072
    MaximumParetoFrontError: 0.3268785629824402
    Spacing: 297.8572001962218
    Contribution: 0.20435510887772193
    R1Indicator: 0.0
    R2Indicator: 42565.833689497005
    R3Indicator: 48425.75319851805
KRRGZ:
    Hypervolume: 0.7243691015947082
    GenerationalDistance: 1.0660416210003551E-4
    InvertedGenerationalDistance: 7.661684265492218E-4
    AdditiveEpsilonIndicator: 0.04991271976086531
    MaximumParetoFrontError: 0.04956255834128902
    Spacing: 36.95117892197735
    Contribution: 0.7956448911222781
    R1Indicator: 0.0
    R2Indicator: 42958.40618983092
    R3Indicator: 48872.37705733414
