NSGAIIITA:
    Hypervolume: 0.7679901192488616
    GenerationalDistance: 0.0
    InvertedGenerationalDistance: 0.0
    AdditiveEpsilonIndicator: 0.0
    MaximumParetoFrontError: 0.0
    Spacing: 637.6181181748856
    Contribution: 1.0
    R1Indicator: 0.0
    R2Indicator: 280311.10587429564
    R3Indicator: 313891.2682334134
KRRGZ:
    Hypervolume: 0.0
    GenerationalDistance: 0.7760874413881916
    InvertedGenerationalDistance: 2.525432377663907
    AdditiveEpsilonIndicator: 2.5423032003942256
    MaximumParetoFrontError: 4.867150960154889
    Spacing: 12047.68874399688
    Contribution: 0.0
    R1Indicator: 0.0
    R2Indicator: 336809.5324002508
    R3Indicator: 377157.95890456473
