NSGAIIITA:
    Hypervolume: 0.8326616624359217
    GenerationalDistance: 0.0
    InvertedGenerationalDistance: 0.00955212829884225
    AdditiveEpsilonIndicator: 0.04346439895544146
    MaximumParetoFrontError: 0.0
    Spacing: 157.05063057698365
    Contribution: 0.9640718562874252
    R1Indicator: 0.0
    R2Indicator: 121469.53191413732
    R3Indicator: 132520.28554592066
KRRGZ:
    Hypervolume: 0.6957056417608937
    GenerationalDistance: 0.00982688168575701
    InvertedGenerationalDistance: 0.13945859915345765
    AdditiveEpsilonIndicator: 0.20378735942101978
    MaximumParetoFrontError: 0.14754355208927444
    Spacing: 361.05145739169484
    Contribution: 0.03592814371257485
    R1Indicator: 0.0
    R2Indicator: 129539.71023196496
    R3Indicator: 141324.67659200184
