NSGAIIITA:
    Hypervolume: 0.7177162955849655
    GenerationalDistance: 9.852319641926743E-4
    InvertedGenerationalDistance: 0.0010642285941029972
    AdditiveEpsilonIndicator: 0.0253300796251002
    MaximumParetoFrontError: 0.2752204480635496
    Spacing: 152.83532275896607
    Contribution: 0.934322033898305
    R1Indicator: 0.0
    R2Indicator: 76148.2729072683
    R3Indicator: 86796.04353789406
KRRGZ:
    Hypervolume: 0.674499151163142
    GenerationalDistance: 0.0014317302082495053
    InvertedGenerationalDistance: 0.03415686842659577
    AdditiveEpsilonIndicator: 0.16260733833599358
    MaximumParetoFrontError: 0.050095000414082186
    Spacing: 85.63244745528218
    Contribution: 0.06567796610169492
    R1Indicator: 0.0
    R2Indicator: 78687.89780750363
    R3Indicator: 89690.80539471302
