NSGAIIITA:
    Hypervolume: 0.6936348094189649
    GenerationalDistance: 7.110104932539282E-4
    InvertedGenerationalDistance: 0.005912046689630973
    AdditiveEpsilonIndicator: 0.06186925193252481
    MaximumParetoFrontError: 0.1932101125516148
    Spacing: 348.41595111699746
    Contribution: 0.5605749486652978
    R1Indicator: 0.0
    R2Indicator: 42759.46636491471
    R3Indicator: 48999.18118889874
KRRGZ:
    Hypervolume: 0.7060997497709308
    GenerationalDistance: 4.6793621860848923E-4
    InvertedGenerationalDistance: 0.001641272811651837
    AdditiveEpsilonIndicator: 0.03660195659175891
    MaximumParetoFrontError: 0.14532731529554735
    Spacing: 32.94445553014903
    Contribution: 0.4394250513347023
    R1Indicator: 0.0
    R2Indicator: 42881.84674278179
    R3Indicator: 49139.42181756717
