NSGAIIITA:
    Hypervolume: 0.8366737815280256
    GenerationalDistance: 0.0
    InvertedGenerationalDistance: 0.00372578382425977
    AdditiveEpsilonIndicator: 0.0213494912649313
    MaximumParetoFrontError: 0.0
    Spacing: 151.70153693809763
    Contribution: 0.9803921568627451
    R1Indicator: 0.0
    R2Indicator: 124325.71915112056
    R3Indicator: 136124.58113261333
KRRGZ:
    Hypervolume: 0.6282219514452331
    GenerationalDistance: 0.015666524473681425
    InvertedGenerationalDistance: 0.17568735823477474
    AdditiveEpsilonIndicator: 0.22987702853986042
    MaximumParetoFrontError: 0.22221420496848796
    Spacing: 430.5231272274679
    Contribution: 0.0196078431372549
    R1Indicator: 0.0
    R2Indicator: 131123.9851549199
    R3Indicator: 143568.03045836726
