NSGAIIITA:
    Hypervolume: 0.7269319539297985
    GenerationalDistance: 0.0013349830944403582
    InvertedGenerationalDistance: 0.007347239903517618
    AdditiveEpsilonIndicator: 0.042588768229509834
    MaximumParetoFrontError: 0.38789506884467584
    Spacing: 558.8808785696509
    Contribution: 0.5035971223021583
    R1Indicator: 0.0
    R2Indicator: 42769.78770829778
    R3Indicator: 48593.67086347836
KRRGZ:
    Hypervolume: 0.7332793003754499
    GenerationalDistance: 8.671195996355093E-5
    InvertedGenerationalDistance: 0.0010651549379460741
    AdditiveEpsilonIndicator: 0.022020285072815747
    MaximumParetoFrontError: 0.022938397712021583
    Spacing: 34.27835923512211
    Contribution: 0.49640287769784175
    R1Indicator: 0.0
    R2Indicator: 42939.785652585764
    R3Indicator: 48786.82007146777
