NSGAIIITA:
    Hypervolume: 0.7823668580060967
    GenerationalDistance: 0.0
    InvertedGenerationalDistance: 0.0
    AdditiveEpsilonIndicator: 0.0
    MaximumParetoFrontError: 0.0
    Spacing: 235.74825433374494
    Contribution: 1.0
    R1Indicator: 0.0
    R2Indicator: 207348.75360856776
    R3Indicator: 230174.38641051273
KRRGZ:
    Hypervolume: 0.0
    GenerationalDistance: 0.4700037169818431
    InvertedGenerationalDistance: 1.4293649442069034
    AdditiveEpsilonIndicator: 1.7219390049040153
    MaximumParetoFrontError: 2.5097460143976753
    Spacing: 4943.114347628086
    Contribution: 0.0
    R1Indicator: 0.0
    R2Indicator: 236955.75116134778
    R3Indicator: 263040.6171003723
