NSGAIIITA:
    Hypervolume: 0.8706818347555716
    GenerationalDistance: 0.0
    InvertedGenerationalDistance: 0.0
    AdditiveEpsilonIndicator: 0.0
    MaximumParetoFrontError: 0.0
    Spacing: 565.6814613284837
    Contribution: 1.0
    R1Indicator: 0.0
    R2Indicator: 201134.20195489313
    R3Indicator: 217342.73892091052
KRRGZ:
    Hypervolume: 0.06541806161391232
    GenerationalDistance: 0.10369341328831164
    InvertedGenerationalDistance: 0.7466438226455299
    AdditiveEpsilonIndicator: 0.8363099159141099
    MaximumParetoFrontError: 1.0830867030113045
    Spacing: 5789.168338822105
    Contribution: 0.0
    R1Indicator: 0.0
    R2Indicator: 226350.35458966272
    R3Indicator: 244590.94875040484
