NSGAIIITA:
    Hypervolume: 0.857693235494399
    GenerationalDistance: 0.0
    InvertedGenerationalDistance: 0.0
    AdditiveEpsilonIndicator: 0.0
    MaximumParetoFrontError: 0.0
    Spacing: 2572.682534671152
    Contribution: 1.0
    R1Indicator: 0.0
    R2Indicator: 313803.83592275257
    R3Indicator: 339899.94669942884
KRRGZ:
    Hypervolume: 0.0
    GenerationalDistance: 0.8394875129305825
    InvertedGenerationalDistance: 3.170036782784347
    AdditiveEpsilonIndicator: 2.89245928290735
    MaximumParetoFrontError: 6.623419318900182
    Spacing: 6655.832409072872
    Contribution: 0.0
    R1Indicator: 0.0
    R2Indicator: 382893.24199020775
    R3Indicator: 414734.82041585766
