NSGAIIITA:
    Hypervolume: 0.879175578343401
    GenerationalDistance: 0.0
    InvertedGenerationalDistance: 0.004650341608311852
    AdditiveEpsilonIndicator: 0.01216678898683551
    MaximumParetoFrontError: 0.0
    Spacing: 115.67681990355571
    Contribution: 0.98989898989899
    R1Indicator: 0.0
    R2Indicator: 124457.74995292457
    R3Indicator: 134150.5686703454
KRRGZ:
    Hypervolume: 0.7380470377568166
    GenerationalDistance: 0.012954588299166328
    InvertedGenerationalDistance: 0.13278454978542964
    AdditiveEpsilonIndicator: 0.17982118967135993
    MaximumParetoFrontError: 0.19101360886415236
    Spacing: 943.4983317587297
    Contribution: 0.010101010101010102
    R1Indicator: 0.0
    R2Indicator: 131958.71790149738
    R3Indicator: 142235.72248617854
