NSGAIIITA:
    Hypervolume: 0.7031118152389366
    GenerationalDistance: 2.0328250792279518E-4
    InvertedGenerationalDistance: 0.003424330425058874
    AdditiveEpsilonIndicator: 0.027456194375374443
    MaximumParetoFrontError: 0.04580213070290528
    Spacing: 104.11134468934543
    Contribution: 0.3359253499222395
    R1Indicator: 0.0
    R2Indicator: 42934.753791259966
    R3Indicator: 49207.504264660114
KRRGZ:
    Hypervolume: 0.7086062306860264
    GenerationalDistance: 7.431569655930765E-5
    InvertedGenerationalDistance: 5.30613155244478E-4
    AdditiveEpsilonIndicator: 0.01279776066983529
    MaximumParetoFrontError: 0.016098168663193434
    Spacing: 44.525717693292755
    Contribution: 0.6640746500777605
    R1Indicator: 0.0
    R2Indicator: 42814.70426027475
    R3Indicator: 49069.91407630834
