NSGAIIITA:
    Hypervolume: 0.6725391586209513
    GenerationalDistance: 0.0011656053946467726
    InvertedGenerationalDistance: 0.003178263209260869
    AdditiveEpsilonIndicator: 0.03528260792719895
    MaximumParetoFrontError: 0.3038739573239184
    Spacing: 164.6751343402492
    Contribution: 0.32605304212168484
    R1Indicator: 0.0
    R2Indicator: 42661.259740814894
    R3Indicator: 49274.908092633064
KRRGZ:
    Hypervolume: 0.6780100020318669
    GenerationalDistance: 1.0039557530947372E-4
    InvertedGenerationalDistance: 8.503994345264718E-4
    AdditiveEpsilonIndicator: 0.03092771552639771
    MaximumParetoFrontError: 0.01724407413169333
    Spacing: 38.050592517969626
    Contribution: 0.6739469578783152
    R1Indicator: 0.0
    R2Indicator: 42906.02370020257
    R3Indicator: 49557.62047335041
