NSGAIIITA:
    Hypervolume: 0.7291192939956378
    GenerationalDistance: 7.389444139172887E-4
    InvertedGenerationalDistance: 1.5681738636888032E-4
    AdditiveEpsilonIndicator: 0.006283221363474145
    MaximumParetoFrontError: 0.3198068541871608
    Spacing: 322.93399936023116
    Contribution: 0.977924944812362
    R1Indicator: 0.0
    R2Indicator: 77845.90304227953
    R3Indicator: 88295.51323930854
KRRGZ:
    Hypervolume: 0.6931572152534852
    GenerationalDistance: 0.001806374558620936
    InvertedGenerationalDistance: 0.02704559103769377
    AdditiveEpsilonIndicator: 0.03576733727681036
    MaximumParetoFrontError: 0.04621088720954965
    Spacing: 69.58116493651859
    Contribution: 0.02207505518763797
    R1Indicator: 0.0
    R2Indicator: 78239.90046705383
    R3Indicator: 88742.39874789055
