NSGAIIITA:
    Hypervolume: 0.7121618613318907
    GenerationalDistance: 8.731645332455256E-4
    InvertedGenerationalDistance: 0.0012685962740467448
    AdditiveEpsilonIndicator: 0.024640190972107567
    MaximumParetoFrontError: 0.23525997598013926
    Spacing: 73.1996070937546
    Contribution: 0.9263803680981595
    R1Indicator: 0.0
    R2Indicator: 76450.00350510236
    R3Indicator: 87203.07448579579
KRRGZ:
    Hypervolume: 0.6885409610079553
    GenerationalDistance: 0.0012701584056648205
    InvertedGenerationalDistance: 0.022287847581715012
    AdditiveEpsilonIndicator: 0.06900396536571993
    MaximumParetoFrontError: 0.036947347730582815
    Spacing: 59.86812061937667
    Contribution: 0.0736196319018405
    R1Indicator: 0.0
    R2Indicator: 77482.09422226842
    R3Indicator: 88380.34199480739
