NSGAIIITA:
    Hypervolume: 0.8495454834242969
    GenerationalDistance: 0.0
    InvertedGenerationalDistance: 0.0
    AdditiveEpsilonIndicator: 0.0
    MaximumParetoFrontError: 0.0
    Spacing: 681.1176931381146
    Contribution: 1.0
    R1Indicator: 0.0
    R2Indicator: 206321.61371094227
    R3Indicator: 224828.86885535115
KRRGZ:
    Hypervolume: 0.01867532106995272
    GenerationalDistance: 0.09332818499868599
    InvertedGenerationalDistance: 0.7499408933509342
    AdditiveEpsilonIndicator: 0.9714050379920613
    MaximumParetoFrontError: 0.8847463726279654
    Spacing: 3372.9982232777406
    Contribution: 0.0
    R1Indicator: 0.0
    R2Indicator: 234530.0309161631
    R3Indicator: 255567.6128184391
