NSGAIIITA:
    Hypervolume: 0.8621853353218691
    GenerationalDistance: 0.0
    InvertedGenerationalDistance: 0.0
    AdditiveEpsilonIndicator: 0.0
    MaximumParetoFrontError: 0.0
    Spacing: 1407.8480839425172
    Contribution: 1.0
    R1Indicator: 0.0
    R2Indicator: 206355.0276587271
    R3Indicator: 224343.36049063536
KRRGZ:
    Hypervolume: 0.0
    GenerationalDistance: 0.12808742120047079
    InvertedGenerationalDistance: 0.8840925179657008
    AdditiveEpsilonIndicator: 1.0899698158916535
    MaximumParetoFrontError: 0.6490760117783457
    Spacing: 1780.6813817576508
    Contribution: 0.0
    R1Indicator: 0.0
    R2Indicator: 235259.43599064215
    R3Indicator: 255767.42225849378
