NSGAIIITA:
    Hypervolume: 0.7274012661839773
    GenerationalDistance: 0.0011016141316329605
    InvertedGenerationalDistance: 8.663666634749911E-4
    AdditiveEpsilonIndicator: 0.018894827228240773
    MaximumParetoFrontError: 0.2955283942058034
    Spacing: 170.2531682846511
    Contribution: 0.9504132231404959
    R1Indicator: 0.0
    R2Indicator: 76378.76831207445
    R3Indicator: 86800.26026447456
KRRGZ:
    Hypervolume: 0.6997304175576622
    GenerationalDistance: 0.0012502132505916052
    InvertedGenerationalDistance: 0.020918513696551004
    AdditiveEpsilonIndicator: 0.0814521691604258
    MaximumParetoFrontError: 0.0429393135109656
    Spacing: 73.48288269685486
    Contribution: 0.049586776859504134
    R1Indicator: 0.0
    R2Indicator: 77670.27228783029
    R3Indicator: 88267.99374004637
