NSGAIIITA:
    Hypervolume: 0.8487343242654674
    GenerationalDistance: 0.0
    InvertedGenerationalDistance: 0.0
    AdditiveEpsilonIndicator: 0.0
    MaximumParetoFrontError: 0.0
    Spacing: 407.25659840388727
    Contribution: 1.0
    R1Indicator: 0.0
    R2Indicator: 275809.7689825222
    R3Indicator: 299673.35246453155
KRRGZ:
    Hypervolume: 0.0
    GenerationalDistance: 0.9086410386623464
    InvertedGenerationalDistance: 3.0899318250650936
    AdditiveEpsilonIndicator: 3.2321126991766485
    MaximumParetoFrontError: 5.550197590475176
    Spacing: 9167.15965807264
    Contribution: 0.0
    R1Indicator: 0.0
    R2Indicator: 333039.68704386946
    R3Indicator: 361854.9028980753
