NSGAIIITA:
    Hypervolume: 0.7313837015329739
    GenerationalDistance: 0.0011985356584146064
    InvertedGenerationalDistance: 0.0031876991377992677
    AdditiveEpsilonIndicator: 0.026809657625391337
    MaximumParetoFrontError: 0.3188327913447231
    Spacing: 75.1093436700885
    Contribution: 0.6698292220113852
    R1Indicator: 0.0
    R2Indicator: 42506.34437962169
    R3Indicator: 48330.334504398306
KRRGZ:
    Hypervolume: 0.7290506901963181
    GenerationalDistance: 2.5308762587009824E-4
    InvertedGenerationalDistance: 0.0018008131356273419
    AdditiveEpsilonIndicator: 0.03257643154010382
    MaximumParetoFrontError: 0.09839448632186777
    Spacing: 35.73278807836292
    Contribution: 0.3301707779886148
    R1Indicator: 0.0
    R2Indicator: 42768.42764676899
    R3Indicator: 48628.3315637836
