NSGAIIITA:
    Hypervolume: 0.7469269276233351
    GenerationalDistance: 0.0029926840150648047
    InvertedGenerationalDistance: 0.0024585790941960236
    AdditiveEpsilonIndicator: 0.02675702157330814
    MaximumParetoFrontError: 0.5326810678118951
    Spacing: 166.658512514249
    Contribution: 0.9147286821705426
    R1Indicator: 0.0
    R2Indicator: 76749.98829746868
    R3Indicator: 86616.97022049339
KRRGZ:
    Hypervolume: 0.7182507331860709
    GenerationalDistance: 0.0013436754006634867
    InvertedGenerationalDistance: 0.02710361575798248
    AdditiveEpsilonIndicator: 0.07832232077473332
    MaximumParetoFrontError: 0.03597522324118649
    Spacing: 68.76542694822604
    Contribution: 0.08527131782945736
    R1Indicator: 0.0
    R2Indicator: 78033.49025191845
    R3Indicator: 88065.4895380257
