NSGAIIITA:
    Hypervolume: 0.5437757523720671
    GenerationalDistance: 0.004285745893859041
    InvertedGenerationalDistance: 0.02536230377437229
    AdditiveEpsilonIndicator: 0.07519191343191754
    MaximumParetoFrontError: 0.20938909763465263
    Spacing: 38.882952999331344
    Contribution: 0.017543859649122806
    R1Indicator: 0.0
    R2Indicator: 5710.859872155022
    R3Indicator: 6768.979410889681
KRRGZ:
    Hypervolume: 0.5787804357600974
    GenerationalDistance: 2.2039052420516563E-5
    InvertedGenerationalDistance: 8.999383456587647E-5
    AdditiveEpsilonIndicator: 4.391610159799608E-4
    MaximumParetoFrontError: 0.0037245998590672994
    Spacing: 2.42220739566023
    Contribution: 0.9824561403508771
    R1Indicator: 0.0
    R2Indicator: 5700.417935484823
    R3Indicator: 6756.602899515805
