NSGAIIITA:
    Hypervolume: 0.5344940052277818
    GenerationalDistance: 0.009703207006391703
    InvertedGenerationalDistance: 0.037039641417513466
    AdditiveEpsilonIndicator: 0.06454648728599566
    MaximumParetoFrontError: 0.3640084891684303
    Spacing: 42.07742580256217
    Contribution: 0.016129032258064516
    R1Indicator: 0.0
    R2Indicator: 5712.683673905827
    R3Indicator: 6746.686077500459
KRRGZ:
    Hypervolume: 0.5932152201476218
    GenerationalDistance: 1.6098264713507523E-5
    InvertedGenerationalDistance: 3.557674139917465E-5
    AdditiveEpsilonIndicator: 0.0022940266957407474
    MaximumParetoFrontError: 0.0023102056544838817
    Spacing: 2.2773917503480634
    Contribution: 0.9838709677419355
    R1Indicator: 0.0
    R2Indicator: 5700.358709209816
    R3Indicator: 6732.130511031138
