NSGAIIITA:
    Hypervolume: 0.8435998932565211
    GenerationalDistance: 0.0
    InvertedGenerationalDistance: 0.0
    AdditiveEpsilonIndicator: 0.0
    MaximumParetoFrontError: 0.0
    Spacing: 403.93063314072754
    Contribution: 1.0
    R1Indicator: 0.0
    R2Indicator: 203394.58669582615
    R3Indicator: 222058.62344962463
KRRGZ:
    Hypervolume: 0.0
    GenerationalDistance: 0.19816582840252658
    InvertedGenerationalDistance: 0.9126385397594537
    AdditiveEpsilonIndicator: 1.0947914628000315
    MaximumParetoFrontError: 2.0065552673122724
    Spacing: 4124.150227021771
    Contribution: 0.0
    R1Indicator: 0.0
    R2Indicator: 226785.22735618535
    R3Indicator: 247595.6488199808
