NSGAIIITA:
    Hypervolume: 0.7647031779211152
    GenerationalDistance: 1.585768057405273E-4
    InvertedGenerationalDistance: 7.205340884935469E-4
    AdditiveEpsilonIndicator: 0.02359619209218517
    MaximumParetoFrontError: 0.04451335074048358
    Spacing: 136.48085344201473
    Contribution: 0.9591397849462365
    R1Indicator: 0.0
    R2Indicator: 77188.36620514172
    R3Indicator: 86662.74624774975
KRRGZ:
    Hypervolume: 0.7368747165601596
    GenerationalDistance: 0.001573441123446009
    InvertedGenerationalDistance: 0.02463720920090545
    AdditiveEpsilonIndicator: 0.02943103845229967
    MaximumParetoFrontError: 0.03748487708537346
    Spacing: 97.37988101281545
    Contribution: 0.04086021505376344
    R1Indicator: 0.0
    R2Indicator: 77564.3577283361
    R3Indicator: 87084.89063302016
