NSGAIIITA:
    Hypervolume: 0.4330816440380098
    GenerationalDistance: 0.016910502473742137
    InvertedGenerationalDistance: 0.10871139362802054
    AdditiveEpsilonIndicator: 0.15650266994794945
    MaximumParetoFrontError: 0.3220116600963905
    Spacing: 42.97937239516046
    Contribution: 0.0
    R1Indicator: 0.0
    R2Indicator: 5766.490528002196
    R3Indicator: 6810.321285908925
KRRGZ:
    Hypervolume: 0.592687728964066
    GenerationalDistance: 0.0
    InvertedGenerationalDistance: 0.0
    AdditiveEpsilonIndicator: 0.0
    MaximumParetoFrontError: 0.0
    Spacing: 2.5775155258169455
    Contribution: 1.0
    R1Indicator: 0.0
    R2Indicator: 5700.358520362398
    R3Indicator: 6732.218315627539
