NSGAIIITA:
    Hypervolume: 0.7116532916398087
    GenerationalDistance: 7.946218155475013E-4
    InvertedGenerationalDistance: 0.004051931375343184
    AdditiveEpsilonIndicator: 0.03164209691787734
    MaximumParetoFrontError: 0.2682222299957905
    Spacing: 280.10385812313433
    Contribution: 0.5595026642984015
    R1Indicator: 0.0
    R2Indicator: 42453.21138167981
    R3Indicator: 48447.18870777926
KRRGZ:
    Hypervolume: 0.7053974031013339
    GenerationalDistance: 7.827891157636458E-5
    InvertedGenerationalDistance: 0.0032230677921986487
    AdditiveEpsilonIndicator: 0.0828168761241286
    MaximumParetoFrontError: 0.015241211624137146
    Spacing: 30.998986872505533
    Contribution: 0.4404973357015986
    R1Indicator: 0.0
    R2Indicator: 43093.747871086154
    R3Indicator: 49178.17371741102
