NSGAIIITA:
    Hypervolume: 0.8146961187649233
    GenerationalDistance: 0.0
    InvertedGenerationalDistance: 0.0
    AdditiveEpsilonIndicator: 0.0
    MaximumParetoFrontError: 0.0
    Spacing: 864.4233296561723
    Contribution: 1.0
    R1Indicator: 0.0
    R2Indicator: 285104.08746335405
    R3Indicator: 314984.3563016912
KRRGZ:
    Hypervolume: 0.0
    GenerationalDistance: 0.6612112610376392
    InvertedGenerationalDistance: 1.8943166905744728
    AdditiveEpsilonIndicator: 2.0493557666965843
    MaximumParetoFrontError: 3.683560766916178
    Spacing: 15189.882643180976
    Contribution: 0.0
    R1Indicator: 0.0
    R2Indicator: 337099.6464570129
    R3Indicator: 372429.2937679065
