NSGAIIITA:
    Hypervolume: 0.790994079722917
    GenerationalDistance: 0.0
    InvertedGenerationalDistance: 0.0
    AdditiveEpsilonIndicator: 0.0
    MaximumParetoFrontError: 0.0
    Spacing: 1103.114082533294
    Contribution: 1.0
    R1Indicator: 0.0
    R2Indicator: 317061.2439259369
    R3Indicator: 353628.282315012
KRRGZ:
    Hypervolume: 0.0
    GenerationalDistance: 0.9855671824120419
    InvertedGenerationalDistance: 3.533801563010528
    AdditiveEpsilonIndicator: 3.2822377110848406
    MaximumParetoFrontError: 6.025287227665059
    Spacing: 5998.482530633501
    Contribution: 0.0
    R1Indicator: 0.0
    R2Indicator: 386933.55305687914
    R3Indicator: 431558.9721355385
