NSGAIIITA:
    Hypervolume: 0.8642580451218246
    GenerationalDistance: 0.0
    InvertedGenerationalDistance: 0.0
    AdditiveEpsilonIndicator: 0.0
    MaximumParetoFrontError: 0.0
    Spacing: 1569.9580089101648
    Contribution: 1.0
    R1Indicator: 0.0
    R2Indicator: 202102.83309697267
    R3Indicator: 219571.4270317676
KRRGZ:
    Hypervolume: 0.016991484737012848
    GenerationalDistance: 0.1259215724285396
    InvertedGenerationalDistance: 0.7790147166993027
    AdditiveEpsilonIndicator: 0.942642539328324
    MaximumParetoFrontError: 1.3924825220463242
    Spacing: 3146.156415975856
    Contribution: 0.0
    R1Indicator: 0.0
    R2Indicator: 227663.29568124696
    R3Indicator: 247341.1877806201
