NSGAIIITA:
    Hypervolume: 0.8531758968931553
    GenerationalDistance: 0.0
    InvertedGenerationalDistance: 0.0
    AdditiveEpsilonIndicator: 0.0
    MaximumParetoFrontError: 0.0
    Spacing: 353.39520534789233
    Contribution: 1.0
    R1Indicator: 0.0
    R2Indicator: 207195.8812542161
    R3Indicator: 225318.4935349822
KRRGZ:
    Hypervolume: 0.05635217078399851
    GenerationalDistance: 0.10710419495948481
    InvertedGenerationalDistance: 0.7118509731324371
    AdditiveEpsilonIndicator: 0.8653247891959328
    MaximumParetoFrontError: 1.3385180227068252
    Spacing: 4398.382165737747
    Contribution: 0.0
    R1Indicator: 0.0
    R2Indicator: 232425.57181089977
    R3Indicator: 252754.92121621736
