NSGAIIITA:
    Hypervolume: 0.7236470400288304
    GenerationalDistance: 0.001576649024910911
    InvertedGenerationalDistance: 0.003076967454564389
    AdditiveEpsilonIndicator: 0.025352402426823257
    MaximumParetoFrontError: 0.4228015726479635
    Spacing: 75.30166021993146
    Contribution: 0.5660377358490566
    R1Indicator: 0.0
    R2Indicator: 42457.63055947902
    R3Indicator: 48339.56989430921
KRRGZ:
    Hypervolume: 0.7272261571497033
    GenerationalDistance: 1.2768874179403547E-4
    InvertedGenerationalDistance: 0.0010485594603514183
    AdditiveEpsilonIndicator: 0.017970014783030907
    MaximumParetoFrontError: 0.019904093085582185
    Spacing: 33.16035177259891
    Contribution: 0.4339622641509434
    R1Indicator: 0.0
    R2Indicator: 42601.61333087889
    R3Indicator: 48503.50317020689
