NSGAIIITA:
    Hypervolume: 0.8434181074868936
    GenerationalDistance: 0.0
    InvertedGenerationalDistance: 0.001804755887715016
    AdditiveEpsilonIndicator: 0.004897415881885207
    MaximumParetoFrontError: 0.0
    Spacing: 285.10908173650824
    Contribution: 0.9903225806451613
    R1Indicator: 0.0
    R2Indicator: 178225.8523352116
    R3Indicator: 194925.8354211562
KRRGZ:
    Hypervolume: 0.6332939755933272
    GenerationalDistance: 0.010264455714824877
    InvertedGenerationalDistance: 0.18629203807843572
    AdditiveEpsilonIndicator: 0.30582672577511316
    MaximumParetoFrontError: 0.19174925477598606
    Spacing: 1147.7953251949746
    Contribution: 0.00967741935483871
    R1Indicator: 0.0
    R2Indicator: 192768.4087995582
    R3Indicator: 210831.0681178851
