NSGAIIITA:
    Hypervolume: 0.8435666928155071
    GenerationalDistance: 2.5154466924245445E-4
    InvertedGenerationalDistance: 0.002155392259611786
    AdditiveEpsilonIndicator: 0.03973057563018261
    MaximumParetoFrontError: 0.07510853963129922
    Spacing: 453.350340725707
    Contribution: 0.9730848861283644
    R1Indicator: 0.0
    R2Indicator: 177102.22044088304
    R3Indicator: 192646.12690731022
KRRGZ:
    Hypervolume: 0.7344337995823046
    GenerationalDistance: 0.007863396056142367
    InvertedGenerationalDistance: 0.12467630673626764
    AdditiveEpsilonIndicator: 0.17947559938731023
    MaximumParetoFrontError: 0.13788854286024696
    Spacing: 933.4027980552645
    Contribution: 0.026915113871635612
    R1Indicator: 0.0
    R2Indicator: 188193.19685854463
    R3Indicator: 204710.56098374643
