NSGAIIITA:
    Hypervolume: 0.8350129966393101
    GenerationalDistance: 0.0
    InvertedGenerationalDistance: 0.0
    AdditiveEpsilonIndicator: 0.0
    MaximumParetoFrontError: 0.0
    Spacing: 584.180190168067
    Contribution: 1.0
    R1Indicator: 0.0
    R2Indicator: 277448.74457916594
    R3Indicator: 305532.0650688537
KRRGZ:
    Hypervolume: 0.0
    GenerationalDistance: 0.5416657425269691
    InvertedGenerationalDistance: 1.9631225038792317
    AdditiveEpsilonIndicator: 2.01098202019996
    MaximumParetoFrontError: 1.8200927648679495
    Spacing: 2505.290308198103
    Contribution: 0.0
    R1Indicator: 0.0
    R2Indicator: 334147.75248038716
    R3Indicator: 367970.13400676777
