NSGAIIITA:
    Hypervolume: 0.8091221343147402
    GenerationalDistance: 0.0
    InvertedGenerationalDistance: 0.0
    AdditiveEpsilonIndicator: 0.0
    MaximumParetoFrontError: 0.0
    Spacing: 255.14824694601938
    Contribution: 1.0
    R1Indicator: 0.0
    R2Indicator: 205951.2079264164
    R3Indicator: 227030.4167876187
KRRGZ:
    Hypervolume: 0.0
    GenerationalDistance: 0.2086474936920974
    InvertedGenerationalDistance: 0.8988391617371717
    AdditiveEpsilonIndicator: 1.1561467143479636
    MaximumParetoFrontError: 1.6752581881972872
    Spacing: 1806.2946788613792
    Contribution: 0.0
    R1Indicator: 0.0
    R2Indicator: 234375.09474631088
    R3Indicator: 258363.49745132713
