NSGAIIITA:
    Hypervolume: 0.8720507336255663
    GenerationalDistance: 0.0
    InvertedGenerationalDistance: 0.004755821683179074
    AdditiveEpsilonIndicator: 0.01560837442549027
    MaximumParetoFrontError: 0.0
    Spacing: 142.08973091411684
    Contribution: 0.9880952380952381
    R1Indicator: 0.0
    R2Indicator: 178454.29552527246
    R3Indicator: 193179.60481727807
KRRGZ:
    Hypervolume: 0.7109103848415916
    GenerationalDistance: 0.014066720620173152
    InvertedGenerationalDistance: 0.1505662468081034
    AdditiveEpsilonIndicator: 0.2029453165223394
    MaximumParetoFrontError: 0.17549348810657878
    Spacing: 1478.587802542113
    Contribution: 0.011904761904761904
    R1Indicator: 0.0
    R2Indicator: 190375.78848479092
    R3Indicator: 206084.82473163833
