NSGAIIITA:
    Hypervolume: 0.7551049476942587
    GenerationalDistance: 0.0
    InvertedGenerationalDistance: 0.0
    AdditiveEpsilonIndicator: 0.0
    MaximumParetoFrontError: 0.0
    Spacing: 324.30220323647893
    Contribution: 1.0
    R1Indicator: 0.0
    R2Indicator: 275985.99093293725
    R3Indicator: 308267.04835205065
KRRGZ:
    Hypervolume: 0.0
    GenerationalDistance: 0.7508465981366577
    InvertedGenerationalDistance: 2.883217695005602
    AdditiveEpsilonIndicator: 3.0064571890794514
    MaximumParetoFrontError: 3.5026773829106155
    Spacing: 3348.2490306122418
    Contribution: 0.0
    R1Indicator: 0.0
    R2Indicator: 334173.7576296133
    R3Indicator: 373260.82435394643
