NSGAIIITA:
    Hypervolume: 0.8391243297917329
    GenerationalDistance: 0.0
    InvertedGenerationalDistance: 0.0
    AdditiveEpsilonIndicator: 0.0
    MaximumParetoFrontError: 0.0
    Spacing: 430.8236851767604
    Contribution: 1.0
    R1Indicator: 0.0
    R2Indicator: 202817.55933284084
    R3Indicator: 221371.15344586378
KRRGZ:
    Hypervolume: 0.0
    GenerationalDistance: 0.14275857497607217
    InvertedGenerationalDistance: 0.9428798079089784
    AdditiveEpsilonIndicator: 1.1139466607887927
    MaximumParetoFrontError: 1.014703160614628
    Spacing: 1876.1171682742875
    Contribution: 0.0
    R1Indicator: 0.0
    R2Indicator: 227218.00165402406
    R3Indicator: 248003.73039773843
