NSGAIIITA:
    Hypervolume: 0.7953735377803095
    GenerationalDistance: 0.0
    InvertedGenerationalDistance: 0.0
    AdditiveEpsilonIndicator: 0.0
    MaximumParetoFrontError: 0.0
    Spacing: 140.81810072853
    Contribution: 1.0
    R1Indicator: 0.0
    R2Indicator: 122784.18637537381
    R3Indicator: 136378.2397216165
KRRGZ:
    Hypervolume: 0.5340114458556748
    GenerationalDistance: 0.021812289696301994
    InvertedGenerationalDistance: 0.22788936489936626
    AdditiveEpsilonIndicator: 0.34076180114394505
    MaximumParetoFrontError: 0.42367224127465364
    Spacing: 735.4324682513092
    Contribution: 0.0
    R1Indicator: 0.0
    R2Indicator: 131347.65350439702
    R3Indicator: 145889.82079563334
