NSGAIIITA:
    Hypervolume: 0.7840660356946129
    GenerationalDistance: 0.0
    InvertedGenerationalDistance: 0.0
    AdditiveEpsilonIndicator: 0.0
    MaximumParetoFrontError: 0.0
    Spacing: 308.5933029048264
    Contribution: 1.0
    R1Indicator: 0.0
    R2Indicator: 310547.1772863485
    R3Indicator: 347211.66859950847
KRRGZ:
    Hypervolume: 0.0
    GenerationalDistance: 1.2402262244758742
    InvertedGenerationalDistance: 4.077103483387392
    AdditiveEpsilonIndicator: 4.038208014039783
    MaximumParetoFrontError: 7.513099349762646
    Spacing: 6699.5609122947035
    Contribution: 0.0
    R1Indicator: 0.0
    R2Indicator: 385854.9682640808
    R3Indicator: 431410.5523825905
