NSGAIIITA:
    Hypervolume: 0.8646374967811796
    GenerationalDistance: 0.0
    InvertedGenerationalDistance: 0.0017536195467304071
    AdditiveEpsilonIndicator: 0.014556381079016755
    MaximumParetoFrontError: 0.0
    Spacing: 199.69598899455107
    Contribution: 0.9935760171306209
    R1Indicator: 0.0
    R2Indicator: 123035.81012114536
    R3Indicator: 133348.66222452183
KRRGZ:
    Hypervolume: 0.6962798977265366
    GenerationalDistance: 0.012350131247136601
    InvertedGenerationalDistance: 0.14841367630659008
    AdditiveEpsilonIndicator: 0.21272397239138754
    MaximumParetoFrontError: 0.1814765692190567
    Spacing: 1712.7784905753097
    Contribution: 0.006423982869379015
    R1Indicator: 0.0
    R2Indicator: 131396.74905568874
    R3Indicator: 142410.42567138764
