NSGAIIITA:
    Hypervolume: 0.8373451755339744
    GenerationalDistance: 0.0
    InvertedGenerationalDistance: 0.0
    AdditiveEpsilonIndicator: 0.0
    MaximumParetoFrontError: 0.0
    Spacing: 718.622137686436
    Contribution: 1.0
    R1Indicator: 0.0
    R2Indicator: 199747.80653726825
    R3Indicator: 218706.52647657183
KRRGZ:
    Hypervolume: 0.0
    GenerationalDistance: 0.22701790517274467
    InvertedGenerationalDistance: 1.0506526023433298
    AdditiveEpsilonIndicator: 1.2968182628216254
    MaximumParetoFrontError: 2.4036309466789865
    Spacing: 4760.414937867752
    Contribution: 0.0
    R1Indicator: 0.0
    R2Indicator: 230018.10112554554
    R3Indicator: 251849.88371317482
