NSGAIIITA:
    Hypervolume: 0.8116147771210066
    GenerationalDistance: 0.0
    InvertedGenerationalDistance: 0.0
    AdditiveEpsilonIndicator: 0.0
    MaximumParetoFrontError: 0.0
    Spacing: 370.4608133587625
    Contribution: 1.0
    R1Indicator: 0.0
    R2Indicator: 207555.8156354148
    R3Indicator: 228688.66127553012
KRRGZ:
    Hypervolume: 0.0
    GenerationalDistance: 0.24901844813482152
    InvertedGenerationalDistance: 1.1547430647482468
    AdditiveEpsilonIndicator: 1.4127295233591242
    MaximumParetoFrontError: 2.448739177550886
    Spacing: 7820.50987134142
    Contribution: 0.0
    R1Indicator: 0.0
    R2Indicator: 236659.68298071035
    R3Indicator: 260755.8162305692
