NSGAIIITA:
    Hypervolume: 0.8423240278618488
    GenerationalDistance: 0.0
    InvertedGenerationalDistance: 0.0
    AdditiveEpsilonIndicator: 0.0
    MaximumParetoFrontError: 0.0
    Spacing: 449.33679731543504
    Contribution: 1.0
    R1Indicator: 0.0
    R2Indicator: 207194.61898866956
    R3Indicator: 226272.42498300323
KRRGZ:
    Hypervolume: 0.0022038088026106223
    GenerationalDistance: 0.1512543294247313
    InvertedGenerationalDistance: 0.8370925647915227
    AdditiveEpsilonIndicator: 0.9917107379637956
    MaximumParetoFrontError: 1.583229412780612
    Spacing: 1849.2560931024734
    Contribution: 0.0
    R1Indicator: 0.0
    R2Indicator: 231877.35672941082
    R3Indicator: 253227.86985079365
