NSGAIIITA:
    Hypervolume: 0.8536885476648723
    GenerationalDistance: 0.0
    InvertedGenerationalDistance: 0.0035535536536967513
    AdditiveEpsilonIndicator: 0.035422667047898954
    MaximumParetoFrontError: 0.0
    Spacing: 270.37153100999427
    Contribution: 0.9763313609467456
    R1Indicator: 0.0
    R2Indicator: 124483.40949832428
    R3Indicator: 134891.10174624546
KRRGZ:
    Hypervolume: 0.699363487727878
    GenerationalDistance: 0.010849973357085561
    InvertedGenerationalDistance: 0.19352464792867777
    AdditiveEpsilonIndicator: 0.2136364432937675
    MaximumParetoFrontError: 0.15443248057773268
    Spacing: 600.1951172103675
    Contribution: 0.023668639053254437
    R1Indicator: 0.0
    R2Indicator: 132476.56726894135
    R3Indicator: 143552.5574863339
