NSGAIIITA:
    Hypervolume: 0.8567623971957583
    GenerationalDistance: 0.0
    InvertedGenerationalDistance: 0.004672802656102012
    AdditiveEpsilonIndicator: 0.025035743812648302
    MaximumParetoFrontError: 0.0
    Spacing: 115.76534670915328
    Contribution: 0.9839034205231388
    R1Indicator: 0.0
    R2Indicator: 122140.1652709678
    R3Indicator: 132605.93567833176
KRRGZ:
    Hypervolume: 0.696360050516567
    GenerationalDistance: 0.012857681855169492
    InvertedGenerationalDistance: 0.15761902415129717
    AdditiveEpsilonIndicator: 0.2134245561192228
    MaximumParetoFrontError: 0.16854175666892526
    Spacing: 1693.3088552873799
    Contribution: 0.01609657947686117
    R1Indicator: 0.0
    R2Indicator: 130730.83609814367
    R3Indicator: 141932.7257485824
