NSGAIIITA:
    Hypervolume: 0.8230872180350807
    GenerationalDistance: 0.0
    InvertedGenerationalDistance: 0.0
    AdditiveEpsilonIndicator: 0.0
    MaximumParetoFrontError: 0.0
    Spacing: 1332.5496923625844
    Contribution: 1.0
    R1Indicator: 0.0
    R2Indicator: 323302.21826002264
    R3Indicator: 357668.6155693887
KRRGZ:
    Hypervolume: 0.0
    GenerationalDistance: 0.7003260756446379
    InvertedGenerationalDistance: 2.3518891524081713
    AdditiveEpsilonIndicator: 2.2149901306612887
    MaximumParetoFrontError: 4.683636433084878
    Spacing: 10207.727851726071
    Contribution: 0.0
    R1Indicator: 0.0
    R2Indicator: 386362.47908603295
    R3Indicator: 427432.0092253312
