NSGAIIITA:
    Hypervolume: 0.7674953703512873
    GenerationalDistance: 0.0
    InvertedGenerationalDistance: 0.0
    AdditiveEpsilonIndicator: 0.0
    MaximumParetoFrontError: 0.0
    Spacing: 241.28950414950498
    Contribution: 1.0
    R1Indicator: 0.0
    R2Indicator: 203393.7179930696
    R3Indicator: 228179.35690214948
KRRGZ:
    Hypervolume: 0.0
    GenerationalDistance: 0.2492806730952708
    InvertedGenerationalDistance: 0.8998143067937218
    AdditiveEpsilonIndicator: 1.1263174826325097
    MaximumParetoFrontError: 1.6769333579895762
    Spacing: 2215.5560568759697
    Contribution: 0.0
    R1Indicator: 0.0
    R2Indicator: 227221.52578067975
    R3Indicator: 254910.82075408692
