NSGAIIITA:
    Hypervolume: 0.7595934107473361
    GenerationalDistance: 0.001682618765434926
    InvertedGenerationalDistance: 0.0021133426279347158
    AdditiveEpsilonIndicator: 0.025964194117826557
    MaximumParetoFrontError: 0.3725494868155724
    Spacing: 187.8563364236307
    Contribution: 0.9247311827956989
    R1Indicator: 0.0
    R2Indicator: 77389.24313657802
    R3Indicator: 87009.36937500827
KRRGZ:
    Hypervolume: 0.737528035193533
    GenerationalDistance: 0.0013127062616751675
    InvertedGenerationalDistance: 0.02148811118718463
    AdditiveEpsilonIndicator: 0.028148665359944425
    MaximumParetoFrontError: 0.04029077388137581
    Spacing: 77.53429110301987
    Contribution: 0.07526881720430108
    R1Indicator: 0.0
    R2Indicator: 77335.86040919642
    R3Indicator: 86949.34765881712
