NSGAIIITA:
    Hypervolume: 0.8223682393557815
    GenerationalDistance: 0.0
    InvertedGenerationalDistance: 8.991160997526922E-4
    AdditiveEpsilonIndicator: 0.005935485502586461
    MaximumParetoFrontError: 0.0
    Spacing: 256.0632971768907
    Contribution: 0.9957356076759062
    R1Indicator: 0.0
    R2Indicator: 176311.2585530665
    R3Indicator: 194051.06809046023
KRRGZ:
    Hypervolume: 0.6256535109591721
    GenerationalDistance: 0.01603855711605382
    InvertedGenerationalDistance: 0.19018234692812386
    AdditiveEpsilonIndicator: 0.25965817756621085
    MaximumParetoFrontError: 0.25443072717341497
    Spacing: 721.3702417065621
    Contribution: 0.0042643923240938165
    R1Indicator: 0.0
    R2Indicator: 188484.1169055701
    R3Indicator: 207448.73477724165
