NSGAIIITA:
    Hypervolume: 0.8360222468046298
    GenerationalDistance: 0.0
    InvertedGenerationalDistance: 0.0
    AdditiveEpsilonIndicator: 0.0
    MaximumParetoFrontError: 0.0
    Spacing: 483.8856984826445
    Contribution: 1.0
    R1Indicator: 0.0
    R2Indicator: 207907.04239372222
    R3Indicator: 227856.45549240612
KRRGZ:
    Hypervolume: 0.0
    GenerationalDistance: 0.2060046942479812
    InvertedGenerationalDistance: 0.9448301335874937
    AdditiveEpsilonIndicator: 1.1917559739097014
    MaximumParetoFrontError: 1.9383993378854074
    Spacing: 4149.334522778695
    Contribution: 0.0
    R1Indicator: 0.0
    R2Indicator: 234305.556583166
    R3Indicator: 256787.99362419278
