NSGAIIITA:
    Hypervolume: 0.8653167126553647
    GenerationalDistance: 0.0
    InvertedGenerationalDistance: 0.0
    AdditiveEpsilonIndicator: 0.0
    MaximumParetoFrontError: 0.0
    Spacing: 376.2946684405873
    Contribution: 1.0
    R1Indicator: 0.0
    R2Indicator: 275612.786211496
    R3Indicator: 298662.4306231643
KRRGZ:
    Hypervolume: 0.0
    GenerationalDistance: 0.9572992602301086
    InvertedGenerationalDistance: 3.180992102048054
    AdditiveEpsilonIndicator: 3.482922610227019
    MaximumParetoFrontError: 5.854359339914339
    Spacing: 5122.311963973031
    Contribution: 0.0
    R1Indicator: 0.0
    R2Indicator: 336807.72014958604
    R3Indicator: 364975.1322556085
