NSGAIIITA:
    Hypervolume: 0.5291130164610583
    GenerationalDistance: 0.005571206596308278
    InvertedGenerationalDistance: 0.031793064104320874
    AdditiveEpsilonIndicator: 0.07281471116628233
    MaximumParetoFrontError: 0.08803856546067056
    Spacing: 25.28306189724936
    Contribution: 0.023121387283236993
    R1Indicator: 0.0
    R2Indicator: 5714.391757780842
    R3Indicator: 6762.730916889062
KRRGZ:
    Hypervolume: 0.5837994019109487
    GenerationalDistance: 1.9202410972587154E-4
    InvertedGenerationalDistance: 1.6310442930347863E-4
    AdditiveEpsilonIndicator: 0.004603444274592582
    MaximumParetoFrontError: 0.032567988237792056
    Spacing: 3.753782704325486
    Contribution: 0.976878612716763
    R1Indicator: 0.0
    R2Indicator: 5700.689983024552
    R3Indicator: 6746.5156161389295
