NSGAIIITA:
    Hypervolume: 0.8023911223569662
    GenerationalDistance: 0.0
    InvertedGenerationalDistance: 0.0
    AdditiveEpsilonIndicator: 0.0
    MaximumParetoFrontError: 0.0
    Spacing: 458.48348237507184
    Contribution: 1.0
    R1Indicator: 0.0
    R2Indicator: 312322.89330768835
    R3Indicator: 344932.6471330642
KRRGZ:
    Hypervolume: 0.0
    GenerationalDistance: 0.9681892180182745
    InvertedGenerationalDistance: 3.349941712558689
    AdditiveEpsilonIndicator: 3.4029736057903417
    MaximumParetoFrontError: 5.290126341495292
    Spacing: 7305.800482364662
    Contribution: 0.0
    R1Indicator: 0.0
    R2Indicator: 385469.9938893931
    R3Indicator: 425716.98048210057
