NSGAIIITA:
    Hypervolume: 0.8026604830420473
    GenerationalDistance: 0.0
    InvertedGenerationalDistance: 0.0
    AdditiveEpsilonIndicator: 0.0
    MaximumParetoFrontError: 0.0
    Spacing: 209.9856373114464
    Contribution: 1.0
    R1Indicator: 0.0
    R2Indicator: 199509.34455060947
    R3Indicator: 220379.29026420103
KRRGZ:
    Hypervolume: 0.0
    GenerationalDistance: 0.2508774793567371
    InvertedGenerationalDistance: 1.189030511557146
    AdditiveEpsilonIndicator: 1.4442465219028795
    MaximumParetoFrontError: 1.8862521449235858
    Spacing: 2767.6503701742295
    Contribution: 0.0
    R1Indicator: 0.0
    R2Indicator: 228137.36007479514
    R3Indicator: 252001.9792736137
