NSGAIIITA:
    Hypervolume: 0.7279109555822649
    GenerationalDistance: 0.0011817838963583572
    InvertedGenerationalDistance: 0.0014530696273856415
    AdditiveEpsilonIndicator: 0.021537111572576637
    MaximumParetoFrontError: 0.26651006440000186
    Spacing: 193.8825902970219
    Contribution: 0.9306930693069307
    R1Indicator: 0.0
    R2Indicator: 76863.86982639189
    R3Indicator: 87259.55321753009
KRRGZ:
    Hypervolume: 0.702964709266155
    GenerationalDistance: 0.0013165070231864063
    InvertedGenerationalDistance: 0.022646698946260084
    AdditiveEpsilonIndicator: 0.06324959944506452
    MaximumParetoFrontError: 0.04293130401707671
    Spacing: 72.7129245754029
    Contribution: 0.06930693069306931
    R1Indicator: 0.0
    R2Indicator: 77821.92823339236
    R3Indicator: 88347.19425459206
