NSGAIIITA:
    Hypervolume: 0.8800829820913503
    GenerationalDistance: 0.0
    InvertedGenerationalDistance: 0.0
    AdditiveEpsilonIndicator: 0.0
    MaximumParetoFrontError: 0.0
    Spacing: 354.4191189928366
    Contribution: 1.0
    R1Indicator: 0.0
    R2Indicator: 316185.6392327849
    R3Indicator: 338406.68417797924
KRRGZ:
    Hypervolume: 0.0
    GenerationalDistance: 1.9246165028412012
    InvertedGenerationalDistance: 4.07760261848084
    AdditiveEpsilonIndicator: 4.4728140802765015
    MaximumParetoFrontError: 10.709926501338202
    Spacing: 6902.142067214832
    Contribution: 0.0
    R1Indicator: 0.0
    R2Indicator: 381620.1594905912
    R3Indicator: 408439.7758805579
