NSGAIIITA:
    Hypervolume: 0.8485059335698075
    GenerationalDistance: 0.0
    InvertedGenerationalDistance: 0.0
    AdditiveEpsilonIndicator: 0.0
    MaximumParetoFrontError: 0.0
    Spacing: 446.6421143701721
    Contribution: 1.0
    R1Indicator: 0.0
    R2Indicator: 180253.03761601713
    R3Indicator: 196323.04104575206
KRRGZ:
    Hypervolume: 0.6045216968985184
    GenerationalDistance: 0.017211622004024353
    InvertedGenerationalDistance: 0.18481105901710673
    AdditiveEpsilonIndicator: 0.27392264636256647
    MaximumParetoFrontError: 0.37064294386427993
    Spacing: 1023.1526624325634
    Contribution: 0.0
    R1Indicator: 0.0
    R2Indicator: 189850.1700687053
    R3Indicator: 206775.78778167156
