NSGAIIITA:
    Hypervolume: 0.7971359161871712
    GenerationalDistance: 0.0
    InvertedGenerationalDistance: 0.0
    AdditiveEpsilonIndicator: 0.0
    MaximumParetoFrontError: 0.0
    Spacing: 268.4908397663498
    Contribution: 1.0
    R1Indicator: 0.0
    R2Indicator: 321204.0088688311
    R3Indicator: 356447.57519560895
KRRGZ:
    Hypervolume: 0.0
    GenerationalDistance: 1.4748334993194656
    InvertedGenerationalDistance: 3.750564318190778
    AdditiveEpsilonIndicator: 2.9572184396950987
    MaximumParetoFrontError: 9.43238331717323
    Spacing: 20304.244261876127
    Contribution: 0.0
    R1Indicator: 0.0
    R2Indicator: 389499.28587311076
    R3Indicator: 432236.3606988624
