NSGAIIITA:
    Hypervolume: 0.8489313124000724
    GenerationalDistance: 0.0
    InvertedGenerationalDistance: 0.0
    AdditiveEpsilonIndicator: 0.0
    MaximumParetoFrontError: 0.0
    Spacing: 306.68156377636103
    Contribution: 1.0
    R1Indicator: 0.0
    R2Indicator: 206477.62281427791
    R3Indicator: 225440.10177547915
KRRGZ:
    Hypervolume: 0.0
    GenerationalDistance: 0.2110187809696126
    InvertedGenerationalDistance: 0.9792515332280177
    AdditiveEpsilonIndicator: 1.1371477050595342
    MaximumParetoFrontError: 1.9324805857989618
    Spacing: 3131.2909168413894
    Contribution: 0.0
    R1Indicator: 0.0
    R2Indicator: 235350.45631798904
    R3Indicator: 256964.5551248096
