NSGAIIITA:
    Hypervolume: 0.8850477534838597
    GenerationalDistance: 0.0
    InvertedGenerationalDistance: 0.0
    AdditiveEpsilonIndicator: 0.0
    MaximumParetoFrontError: 0.0
    Spacing: 1331.7701078927682
    Contribution: 1.0
    R1Indicator: 0.0
    R2Indicator: 312084.41991255997
    R3Indicator: 335751.7623262515
KRRGZ:
    Hypervolume: 0.0
    GenerationalDistance: 0.9803167581882021
    InvertedGenerationalDistance: 3.1796718138668063
    AdditiveEpsilonIndicator: 3.2983949789294167
    MaximumParetoFrontError: 5.958655240166665
    Spacing: 8042.060692467695
    Contribution: 0.0
    R1Indicator: 0.0
    R2Indicator: 384042.6524933169
    R3Indicator: 413166.9905245434
