NSGAIIITA:
    Hypervolume: 0.8278674074966059
    GenerationalDistance: 0.0
    InvertedGenerationalDistance: 0.0
    AdditiveEpsilonIndicator: 0.0
    MaximumParetoFrontError: 0.0
    Spacing: 256.3267061309409
    Contribution: 1.0
    R1Indicator: 0.0
    R2Indicator: 200883.38910076575
    R3Indicator: 220469.08153059002
KRRGZ:
    Hypervolume: 0.013735520725646072
    GenerationalDistance: 0.0977859024923059
    InvertedGenerationalDistance: 0.7926459115702766
    AdditiveEpsilonIndicator: 0.9703553536999108
    MaximumParetoFrontError: 1.137628070007354
    Spacing: 1706.5686439596373
    Contribution: 0.0
    R1Indicator: 0.0
    R2Indicator: 226291.70199226806
    R3Indicator: 248354.6477868413
