NSGAIIITA:
    Hypervolume: 0.7941425690918376
    GenerationalDistance: 0.0
    InvertedGenerationalDistance: 0.0
    AdditiveEpsilonIndicator: 0.0
    MaximumParetoFrontError: 0.0
    Spacing: 1272.2586896210446
    Contribution: 1.0
    R1Indicator: 0.0
    R2Indicator: 313615.6490257889
    R3Indicator: 348715.56209273526
KRRGZ:
    Hypervolume: 0.0
    GenerationalDistance: 1.3109245255574593
    InvertedGenerationalDistance: 4.065867613269893
    AdditiveEpsilonIndicator: 3.976927492672802
    MaximumParetoFrontError: 7.779681867604536
    Spacing: 12744.37945193738
    Contribution: 0.0
    R1Indicator: 0.0
    R2Indicator: 380814.65621482267
    R3Indicator: 423435.44920722285
