NSGAIIITA:
    Hypervolume: 0.8501149865902036
    GenerationalDistance: 0.0
    InvertedGenerationalDistance: 0.0
    AdditiveEpsilonIndicator: 0.0
    MaximumParetoFrontError: 0.0
    Spacing: 443.9497703381402
    Contribution: 1.0
    R1Indicator: 0.0
    R2Indicator: 199448.27617239297
    R3Indicator: 217113.24951190714
KRRGZ:
    Hypervolume: 0.07122064055064928
    GenerationalDistance: 0.09746781828338166
    InvertedGenerationalDistance: 0.658344775381509
    AdditiveEpsilonIndicator: 0.8799973439548605
    MaximumParetoFrontError: 0.8342963933309151
    Spacing: 4997.960138133703
    Contribution: 0.0
    R1Indicator: 0.0
    R2Indicator: 226594.656485227
    R3Indicator: 246663.96246116166
