NSGAIIITA:
    Hypervolume: 0.5327251890637507
    GenerationalDistance: 0.004602951529187956
    InvertedGenerationalDistance: 0.04759592929865872
    AdditiveEpsilonIndicator: 0.15701225737148042
    MaximumParetoFrontError: 0.048649040164158025
    Spacing: 9.798291775485856
    Contribution: 0.005263157894736842
    R1Indicator: 0.0
    R2Indicator: 5768.428066303603
    R3Indicator: 6799.34995779119
KRRGZ:
    Hypervolume: 0.6011080513441546
    GenerationalDistance: 0.0
    InvertedGenerationalDistance: 5.199565302046503E-5
    AdditiveEpsilonIndicator: 2.9826308639377755E-4
    MaximumParetoFrontError: 0.0
    Spacing: 2.5089610181657767
    Contribution: 0.9947368421052631
    R1Indicator: 0.0
    R2Indicator: 5700.360063273244
    R3Indicator: 6719.116599704529
