NSGAIIITA:
    Hypervolume: 0.474140527789848
    GenerationalDistance: 0.00797027340335747
    InvertedGenerationalDistance: 0.061742620280002915
    AdditiveEpsilonIndicator: 0.09773519018776788
    MaximumParetoFrontError: 0.1058489903617712
    Spacing: 10.136964069681934
    Contribution: 0.0
    R1Indicator: 0.0
    R2Indicator: 5731.793572143337
    R3Indicator: 6806.995088496904
KRRGZ:
    Hypervolume: 0.5686577086613028
    GenerationalDistance: 0.0
    InvertedGenerationalDistance: 0.0
    AdditiveEpsilonIndicator: 0.0
    MaximumParetoFrontError: 0.0
    Spacing: 2.2163058111775285
    Contribution: 1.0
    R1Indicator: 0.0
    R2Indicator: 5700.353580051003
    R3Indicator: 6769.6573292268995
