NSGAIIITA:
    Hypervolume: 0.795892246502847
    GenerationalDistance: 0.0
    InvertedGenerationalDistance: 0.0
    AdditiveEpsilonIndicator: 0.0
    MaximumParetoFrontError: 0.0
    Spacing: 187.42999412223176
    Contribution: 1.0
    R1Indicator: 0.0
    R2Indicator: 176391.16985378225
    R3Indicator: 195594.9239593876
KRRGZ:
    Hypervolume: 0.5619472952762994
    GenerationalDistance: 0.016039658495908573
    InvertedGenerationalDistance: 0.22638251372884016
    AdditiveEpsilonIndicator: 0.34048882343859005
    MaximumParetoFrontError: 0.38841412734202285
    Spacing: 669.8022937266202
    Contribution: 0.0
    R1Indicator: 0.0
    R2Indicator: 190175.68236006785
    R3Indicator: 210880.18411100164
