NSGAIIITA:
    Hypervolume: 0.7995830265426723
    GenerationalDistance: 0.0
    InvertedGenerationalDistance: 0.0
    AdditiveEpsilonIndicator: 0.0
    MaximumParetoFrontError: 0.0
    Spacing: 805.6214910425755
    Contribution: 1.0
    R1Indicator: 0.0
    R2Indicator: 280189.67396743095
    R3Indicator: 311602.22360972984
KRRGZ:
    Hypervolume: 0.0
    GenerationalDistance: 1.5459646250775543
    InvertedGenerationalDistance: 4.172201234551749
    AdditiveEpsilonIndicator: 4.404457728170005
    MaximumParetoFrontError: 7.1956214951865505
    Spacing: 7757.509006005751
    Contribution: 0.0
    R1Indicator: 0.0
    R2Indicator: 343514.284332196
    R3Indicator: 382026.2572781958
