NSGAIIITA:
    Hypervolume: 0.5475542095722338
    GenerationalDistance: 0.0031702133179244744
    InvertedGenerationalDistance: 0.022045471181753987
    AdditiveEpsilonIndicator: 0.08460984675879613
    MaximumParetoFrontError: 0.07194505051500077
    Spacing: 28.66221455868277
    Contribution: 0.012422360248447204
    R1Indicator: 0.0
    R2Indicator: 5705.090119255602
    R3Indicator: 6756.414698269735
KRRGZ:
    Hypervolume: 0.5795013449254542
    GenerationalDistance: 3.095564560849888E-4
    InvertedGenerationalDistance: 2.3092671863226075E-4
    AdditiveEpsilonIndicator: 0.014659126099809044
    MaximumParetoFrontError: 0.0333586542028728
    Spacing: 1.9448465163013107
    Contribution: 0.9875776397515528
    R1Indicator: 0.0
    R2Indicator: 5700.356357446715
    R3Indicator: 6750.808675132399
