NSGAIIITA:
    Hypervolume: 0.855815874626424
    GenerationalDistance: 1.777767063210376E-5
    InvertedGenerationalDistance: 0.0034462356305584784
    AdditiveEpsilonIndicator: 0.02385543437490424
    MaximumParetoFrontError: 0.008586614915306117
    Spacing: 1458.7835068789013
    Contribution: 0.9582504970178927
    R1Indicator: 0.0
    R2Indicator: 122927.59792702582
    R3Indicator: 133428.5842242887
KRRGZ:
    Hypervolume: 0.7105009234153526
    GenerationalDistance: 0.009292882395997785
    InvertedGenerationalDistance: 0.14256878393053063
    AdditiveEpsilonIndicator: 0.2081812401467485
    MaximumParetoFrontError: 0.14863917583733763
    Spacing: 467.6386969194506
    Contribution: 0.041749502982107355
    R1Indicator: 0.0
    R2Indicator: 131007.03743275627
    R3Indicator: 142198.21720317754
