NSGAIIITA:
    Hypervolume: 0.871229428368131
    GenerationalDistance: 0.0
    InvertedGenerationalDistance: 0.0
    AdditiveEpsilonIndicator: 0.0
    MaximumParetoFrontError: 0.0
    Spacing: 1278.7500385827866
    Contribution: 1.0
    R1Indicator: 0.0
    R2Indicator: 277733.21024530235
    R3Indicator: 299733.7965172987
KRRGZ:
    Hypervolume: 0.0
    GenerationalDistance: 0.8572677409693444
    InvertedGenerationalDistance: 3.1082257482850792
    AdditiveEpsilonIndicator: 3.188177563578283
    MaximumParetoFrontError: 6.199846404274937
    Spacing: 4865.189112966072
    Contribution: 0.0
    R1Indicator: 0.0
    R2Indicator: 344513.40211071895
    R3Indicator: 371803.95229435724
