NSGAIIITA:
    Hypervolume: 0.8002831322262469
    GenerationalDistance: 0.0
    InvertedGenerationalDistance: 0.0
    AdditiveEpsilonIndicator: 0.0
    MaximumParetoFrontError: 0.0
    Spacing: 162.81797118186324
    Contribution: 1.0
    R1Indicator: 0.0
    R2Indicator: 200625.88699498482
    R3Indicator: 222417.96248913702
KRRGZ:
    Hypervolume: 0.0
    GenerationalDistance: 0.3057787997854253
    InvertedGenerationalDistance: 1.3175186728956438
    AdditiveEpsilonIndicator: 1.6216942899584523
    MaximumParetoFrontError: 2.09656533463902
    Spacing: 2368.5768778679544
    Contribution: 0.0
    R1Indicator: 0.0
    R2Indicator: 229095.17718474494
    R3Indicator: 253979.60647265773
