NSGAIIITA:
    Hypervolume: 0.8691006818866581
    GenerationalDistance: 0.0
    InvertedGenerationalDistance: 0.0
    AdditiveEpsilonIndicator: 0.0
    MaximumParetoFrontError: 0.0
    Spacing: 583.4230572257294
    Contribution: 1.0
    R1Indicator: 0.0
    R2Indicator: 276584.377168859
    R3Indicator: 299496.8189815701
KRRGZ:
    Hypervolume: 0.0
    GenerationalDistance: 0.49181485497375305
    InvertedGenerationalDistance: 1.8352554352517376
    AdditiveEpsilonIndicator: 1.9216022821571463
    MaximumParetoFrontError: 1.7176084034875105
    Spacing: 2166.92730358846
    Contribution: 0.0
    R1Indicator: 0.0
    R2Indicator: 336344.5195324452
    R3Indicator: 364207.52692533325
