NSGAIIITA:
    Hypervolume: 0.5160572882971157
    GenerationalDistance: 0.008131429645879264
    InvertedGenerationalDistance: 0.04681407576421347
    AdditiveEpsilonIndicator: 0.09808569996619194
    MaximumParetoFrontError: 0.10346949800722656
    Spacing: 25.239333625497245
    Contribution: 0.025906735751295335
    R1Indicator: 0.0
    R2Indicator: 5740.296916145879
    R3Indicator: 6788.5468774100145
KRRGZ:
    Hypervolume: 0.5867290305426268
    GenerationalDistance: 0.0011872174720154748
    InvertedGenerationalDistance: 2.973252420976929E-4
    AdditiveEpsilonIndicator: 0.010553148959421853
    MaximumParetoFrontError: 0.1799693837634162
    Spacing: 5.911617710198773
    Contribution: 0.9740932642487047
    R1Indicator: 0.0
    R2Indicator: 5700.357525669351
    R3Indicator: 6741.313758614395
