NSGAIIITA:
    Hypervolume: 0.8511606662588246
    GenerationalDistance: 0.0
    InvertedGenerationalDistance: 0.012263100603020011
    AdditiveEpsilonIndicator: 0.04448529270804394
    MaximumParetoFrontError: 0.0
    Spacing: 247.8668278289931
    Contribution: 0.9616613418530351
    R1Indicator: 0.0
    R2Indicator: 178830.746628589
    R3Indicator: 193844.5917270743
KRRGZ:
    Hypervolume: 0.7021845570999244
    GenerationalDistance: 0.01242118562184586
    InvertedGenerationalDistance: 0.1998644693927639
    AdditiveEpsilonIndicator: 0.22907530919568553
    MaximumParetoFrontError: 0.16076496446622598
    Spacing: 2470.3244370884768
    Contribution: 0.038338658146964855
    R1Indicator: 0.0
    R2Indicator: 192293.29828152727
    R3Indicator: 208437.42570094496
