NSGAIIITA:
    Hypervolume: 0.8149364053933078
    GenerationalDistance: 0.0
    InvertedGenerationalDistance: 0.0
    AdditiveEpsilonIndicator: 0.0
    MaximumParetoFrontError: 0.0
    Spacing: 670.8414082249276
    Contribution: 1.0
    R1Indicator: 0.0
    R2Indicator: 209357.23788498377
    R3Indicator: 231512.10420791965
KRRGZ:
    Hypervolume: 0.0
    GenerationalDistance: 0.16282615968111513
    InvertedGenerationalDistance: 0.893404768977842
    AdditiveEpsilonIndicator: 0.9768630379436644
    MaximumParetoFrontError: 1.188226193957743
    Spacing: 1823.5823495783907
    Contribution: 0.0
    R1Indicator: 0.0
    R2Indicator: 233857.2685968399
    R3Indicator: 258604.79886471276
