NSGAIIITA:
    Hypervolume: 0.8005588120229641
    GenerationalDistance: 0.0
    InvertedGenerationalDistance: 0.0
    AdditiveEpsilonIndicator: 0.0
    MaximumParetoFrontError: 0.0
    Spacing: 435.29320951946374
    Contribution: 1.0
    R1Indicator: 0.0
    R2Indicator: 276068.80996864446
    R3Indicator: 306247.5414534191
KRRGZ:
    Hypervolume: 0.0
    GenerationalDistance: 0.7884295881359302
    InvertedGenerationalDistance: 2.833686442102345
    AdditiveEpsilonIndicator: 3.049242064176202
    MaximumParetoFrontError: 4.180903973749955
    Spacing: 3813.601090957561
    Contribution: 0.0
    R1Indicator: 0.0
    R2Indicator: 334186.55192261294
    R3Indicator: 370718.47236039233
