NSGAIIITA:
    Hypervolume: 0.8411843710065904
    GenerationalDistance: 0.0
    InvertedGenerationalDistance: 0.0
    AdditiveEpsilonIndicator: 0.0
    MaximumParetoFrontError: 0.0
    Spacing: 935.1467443881763
    Contribution: 1.0
    R1Indicator: 0.0
    R2Indicator: 312739.30236519733
    R3Indicator: 341060.64442239515
KRRGZ:
    Hypervolume: 0.0
    GenerationalDistance: 0.9050552654817479
    InvertedGenerationalDistance: 3.320681898892013
    AdditiveEpsilonIndicator: 3.0006033900334907
    MaximumParetoFrontError: 7.178507629963577
    Spacing: 26385.7597474248
    Contribution: 0.0
    R1Indicator: 0.0
    R2Indicator: 384212.86257309327
    R3Indicator: 419006.69193485094
