NSGAIIITA:
    Hypervolume: 0.8755251405809777
    GenerationalDistance: 0.0
    InvertedGenerationalDistance: 0.0016074258518344636
    AdditiveEpsilonIndicator: 0.009510527802568511
    MaximumParetoFrontError: 0.0
    Spacing: 194.94822214195472
    Contribution: 0.9875776397515528
    R1Indicator: 0.0
    R2Indicator: 122121.84403654301
    R3Indicator: 131974.44529645564
KRRGZ:
    Hypervolume: 0.7203653025405338
    GenerationalDistance: 0.01017646895309566
    InvertedGenerationalDistance: 0.15319016925328507
    AdditiveEpsilonIndicator: 0.22242739655718516
    MaximumParetoFrontError: 0.1621411751262983
    Spacing: 3235.743872740011
    Contribution: 0.012422360248447204
    R1Indicator: 0.0
    R2Indicator: 131904.86839227597
    R3Indicator: 142546.76288705913
