NSGAIIITA:
    Hypervolume: 0.5411315986275551
    GenerationalDistance: 0.0036552647489559403
    InvertedGenerationalDistance: 0.030103623772309317
    AdditiveEpsilonIndicator: 0.07735028673522115
    MaximumParetoFrontError: 0.08561727946425506
    Spacing: 5.723749478767999
    Contribution: 0.006060606060606061
    R1Indicator: 0.0
    R2Indicator: 5712.903416882729
    R3Indicator: 6758.43488332532
KRRGZ:
    Hypervolume: 0.5875263288268389
    GenerationalDistance: 7.155021504788151E-5
    InvertedGenerationalDistance: 5.04805230978334E-5
    AdditiveEpsilonIndicator: 0.007030794623118952
    MaximumParetoFrontError: 0.008467236433971343
    Spacing: 2.0881914245254665
    Contribution: 0.9939393939393939
    R1Indicator: 0.0
    R2Indicator: 5700.357155391469
    R3Indicator: 6743.592547227811
