NSGAIIITA:
    Hypervolume: 0.8292380479300708
    GenerationalDistance: 1.2936115778633075E-4
    InvertedGenerationalDistance: 0.0014247281599945839
    AdditiveEpsilonIndicator: 0.03339729540462459
    MaximumParetoFrontError: 0.026602930813034536
    Spacing: 425.82092539069214
    Contribution: 0.9652509652509652
    R1Indicator: 0.0
    R2Indicator: 182308.09344806246
    R3Indicator: 199573.18656630666
KRRGZ:
    Hypervolume: 0.6538755893111171
    GenerationalDistance: 0.015511218723127424
    InvertedGenerationalDistance: 0.14973919544729186
    AdditiveEpsilonIndicator: 0.19435627730804522
    MaximumParetoFrontError: 0.20089086493349312
    Spacing: 1285.571743904535
    Contribution: 0.03474903474903475
    R1Indicator: 0.0
    R2Indicator: 190653.55406027075
    R3Indicator: 208708.99868924284
