NSGAIIITA:
    Hypervolume: 0.8932954655078229
    GenerationalDistance: 4.6012986040296925E-5
    InvertedGenerationalDistance: 7.444952495482224E-4
    AdditiveEpsilonIndicator: 0.012818668135284528
    MaximumParetoFrontError: 0.017223912927515194
    Spacing: 192.96662439855172
    Contribution: 0.9788732394366197
    R1Indicator: 0.0
    R2Indicator: 178076.55104798893
    R3Indicator: 191075.77288448747
KRRGZ:
    Hypervolume: 0.6902464383929031
    GenerationalDistance: 0.010979582749370475
    InvertedGenerationalDistance: 0.18758711552520616
    AdditiveEpsilonIndicator: 0.24924311016309578
    MaximumParetoFrontError: 0.16666858760752998
    Spacing: 1770.353639850794
    Contribution: 0.02112676056338028
    R1Indicator: 0.0
    R2Indicator: 189427.6514765031
    R3Indicator: 203255.49291319257
