NSGAIIITA:
    Hypervolume: 0.8006005183117518
    GenerationalDistance: 0.0
    InvertedGenerationalDistance: 0.0
    AdditiveEpsilonIndicator: 0.0
    MaximumParetoFrontError: 0.0
    Spacing: 184.13835749583708
    Contribution: 1.0
    R1Indicator: 0.0
    R2Indicator: 123833.19744089629
    R3Indicator: 136951.3480675779
KRRGZ:
    Hypervolume: 0.5193606943899115
    GenerationalDistance: 0.022963189855778082
    InvertedGenerationalDistance: 0.3132633317818324
    AdditiveEpsilonIndicator: 0.3900367360701336
    MaximumParetoFrontError: 0.5060359773323092
    Spacing: 725.1079019760747
    Contribution: 0.0
    R1Indicator: 0.0
    R2Indicator: 134049.58467574397
    R3Indicator: 148250.00736544846
