NSGAIIITA:
    Hypervolume: 0.5489639374441141
    GenerationalDistance: 0.006877775838448947
    InvertedGenerationalDistance: 0.054291410469543916
    AdditiveEpsilonIndicator: 0.08326079107190405
    MaximumParetoFrontError: 0.07582840730010375
    Spacing: 11.171091265887984
    Contribution: 0.024539877300613498
    R1Indicator: 0.0
    R2Indicator: 5738.924194884598
    R3Indicator: 6728.155948766695
KRRGZ:
    Hypervolume: 0.625298488431606
    GenerationalDistance: 8.510244222354913E-4
    InvertedGenerationalDistance: 9.06982776738711E-4
    AdditiveEpsilonIndicator: 0.011215288401721688
    MaximumParetoFrontError: 0.08285431987357006
    Spacing: 5.4854769435491715
    Contribution: 0.9754601226993865
    R1Indicator: 0.0
    R2Indicator: 5700.396418915299
    R3Indicator: 6682.987034612684
